1	0	5.06	1
2	0	5.07	0
3	0	5.07	0
4	0	5.13	0
5	0	5.05	0
6	0	5.01	0
7	0	5.01	1
8	0	5.11	0
9	0	5.04	0
10	0	5.06	1
11	0	5.01	0
12	0	5.13	0
13	0	5.06	1
14	0	5.11	0
15	0	5.08	0
16	0	5.11	0
17	0	5.04	1
18	0	5.11	0
19	0	5.06	1
20	0	5.02	0
21	0	5.04	0
22	0	5.01	0
23	0	5.01	1
24	0	5.10	0
25	0	5.01	1
26	0	5.08	0
27	0	5.02	0
28	0	5.01	1
29	0	5.06	1
30	0	5.11	0
31	0	5.06	1
32	0	5.13	0
33	0	5.11	0
34	0	5.01	0
35	0	5.05	0
36	0	5.05	0
37	0	5.08	1
38	0	5.06	0
39	0	5.02	0
40	0	5.06	1
41	0	5.06	1
42	0	5.13	0
43	0	5.01	1
44	0	5.05	1
45	0	5.11	1
46	0	5.10	0
47	0	5.10	0
48	0	5.11	0
49	0	5.08	1
50	0	5.01	0
51	0	5.06	1
52	0	5.10	0
53	0	5.06	1
54	0	5.10	0
55	0	5.02	1
56	0	5.05	0
57	0	5.07	0
58	0	5.04	1
59	0	5.02	1
60	0	5.11	0
61	0	5.13	0
62	0	5.11	0
63	0	5.06	1
64	0	5.06	1
65	0	5.02	1
66	0	5.02	1
67	0	5.04	0
68	0	5.08	0
69	0	5.06	1
70	0	5.07	0
71	0	5.06	1
72	0	5.10	0
73	0	5.13	0
74	0	5.13	0
75	0	5.13	0
76	0	5.10	0
77	0	5.08	0
78	0	5.06	0
79	0	5.04	0
80	0	5.05	1
81	0	5.11	0
82	0	5.07	0
83	0	5.11	0
84	0	5.11	0
85	0	5.10	0
86	0	5.02	0
87	0	5.10	0
88	0	5.13	0
89	0	5.10	0
90	0	5.02	0
91	0	5.10	0
92	0	5.04	0
93	0	5.06	1
94	0	5.07	1
95	0	5.07	1
96	0	5.07	0
97	0	5.02	0
98	0	5.10	0
91	0	5.02	0
99	0	5.02	0
100	0	5.06	0
33	0	5.06	0
101	0	5.13	0
15	0	5.10	0
102	0	5.11	0
103	0	5.11	1
104	0	5.10	0
105	0	5.13	0
106	0	5.06	1
107	0	5.05	0
108	0	5.13	0
109	0	5.04	0
110	0	5.06	1
111	0	5.07	0
112	0	5.07	0
113	0	5.05	0
114	0	5.13	0
66	0	5.11	0
115	0	5.06	1
116	0	5.05	0
117	0	5.10	0
118	0	5.13	0
119	0	5.05	1
120	0	5.05	0
121	0	5.11	1
122	0	5.08	0
123	0	5.06	1
124	0	5.05	1
125	0	5.08	0
126	0	5.08	1
127	0	5.07	0
128	0	5.05	0
129	0	5.07	0
130	0	5.06	1
131	0	5.07	0
132	0	5.02	1
133	0	5.05	0
134	0	5.06	1
135	0	5.06	0
122	0	5.02	1
136	0	5.13	0
137	0	5.05	0
138	0	5.01	0
139	0	5.07	0
140	0	5.01	1
141	0	5.11	0
142	0	5.10	0
143	0	5.07	1
144	0	5.11	0
145	0	5.06	0
146	0	5.08	0
147	0	5.06	1
148	0	5.08	0
149	0	5.13	0
150	0	5.06	1
151	0	5.08	0
152	0	5.05	1
153	0	5.04	0
154	0	5.10	1
155	0	5.01	0
156	0	5.05	0
157	0	5.07	1
98	0	5.06	1
158	0	5.02	1
159	0	5.04	0
160	0	5.10	0
161	0	5.01	0
162	0	5.07	0
163	0	5.02	0
164	0	5.06	1
165	0	5.13	0
166	0	5.02	0
72	0	5.05	1
167	0	5.13	0
168	0	5.02	0
169	0	5.06	1
170	0	5.07	0
171	0	5.08	1
172	0	5.10	0
173	0	5.06	1
174	0	5.02	0
175	0	5.06	1
105	0	5.11	1
176	0	5.06	1
177	0	5.06	1
71	0	5.07	0
178	0	5.06	1
179	0	5.13	0
180	0	5.05	1
181	0	5.06	1
182	0	5.07	0
20	0	5.10	0
183	0	5.11	0
184	0	5.10	0
185	0	5.08	0
186	0	5.01	1
187	0	5.13	0
188	0	5.13	0
90	0	5.11	1
189	0	5.05	0
190	0	5.13	0
191	0	5.04	0
192	0	5.06	1
193	0	5.05	0
194	0	5.07	0
103	0	5.04	0
195	0	5.11	1
196	0	5.06	0
197	0	5.10	0
198	0	5.05	1
199	0	5.01	0
200	0	5.05	0
201	0	5.13	0
202	0	5.13	0
203	0	5.05	0
204	0	5.13	0
205	0	5.11	0
206	0	5.08	1
207	0	5.07	0
208	0	5.02	0
55	0	5.11	0
209	0	5.04	0
210	0	5.02	0
211	0	5.06	1
212	0	5.02	1
157	0	5.04	0
213	0	5.07	1
214	0	5.02	0
97	0	5.06	1
215	0	5.05	1
216	0	5.07	0
217	0	5.04	0
218	0	5.08	0
219	0	5.08	0
220	0	5.08	0
221	0	5.06	0
222	0	5.06	1
223	0	5.11	0
224	0	5.06	0
225	0	5.11	1
226	0	5.07	0
227	0	5.11	0
228	0	5.07	1
52	0	5.13	1
229	0	5.06	1
230	0	5.08	0
231	0	5.01	1
232	0	5.04	0
233	0	5.05	0
234	0	5.13	0
235	0	5.08	0
236	0	5.06	1
237	0	5.02	1
238	0	5.07	0
239	0	5.04	0
240	0	5.02	0
241	0	5.06	0
242	0	5.06	1
243	0	5.08	0
244	0	5.11	1
245	0	5.04	0
246	0	5.06	1
247	0	5.05	1
248	0	5.13	0
249	0	5.11	0
250	0	5.07	0
186	0	5.07	0
251	0	5.06	1
252	0	5.08	0
179	0	5.04	0
253	0	5.06	1
254	0	5.05	0
255	0	5.08	0
256	0	5.01	1
207	0	5.13	0
257	0	5.06	0
258	0	5.13	0
259	0	5.05	0
260	0	5.08	0
261	0	5.04	0
262	0	5.07	0
263	0	5.01	0
264	0	5.13	0
265	0	5.02	1
266	0	5.07	0
267	0	5.01	0
268	0	5.08	0
269	0	5.04	0
270	0	5.05	0
271	0	5.11	0
272	0	5.07	0
273	0	5.06	1
274	0	5.13	0
151	0	5.04	0
275	0	5.07	0
276	0	5.02	0
246	0	5.07	0
277	0	5.06	1
278	0	5.06	1
279	0	5.07	0
110	0	5.08	0
280	0	5.10	1
281	0	5.13	0
282	0	5.11	1
283	0	5.13	1
284	0	5.06	1
285	0	5.04	1
286	0	5.02	0
287	0	5.07	1
288	0	5.05	0
289	0	5.08	0
194	0	5.08	0
290	0	5.06	1
291	0	5.01	0
292	0	5.13	0
293	0	5.07	0
294	0	5.02	0
295	0	5.04	0
296	0	5.07	1
297	0	5.01	1
298	0	5.10	0
299	0	5.11	0
300	0	5.05	0
301	0	5.06	0
302	0	5.06	1
75	0	5.05	0
303	0	5.08	0
288	0	5.02	0
290	0	5.04	0
304	0	5.01	0
305	0	5.01	0
306	0	5.02	0
307	0	5.13	0
308	0	5.08	0
309	0	5.11	0
310	0	5.05	0
311	0	5.01	0
312	0	5.07	0
284	0	5.01	0
313	0	5.02	0
215	0	5.01	0
310	0	5.02	1
314	0	5.10	0
315	0	5.11	0
236	0	5.07	0
316	0	5.08	0
317	0	5.04	0
318	0	5.02	0
226	0	5.01	1
257	0	5.13	0
319	0	5.06	1
114	0	5.11	1
320	0	5.07	0
321	0	5.01	0
322	0	5.01	1
323	0	5.06	1
324	0	5.13	0
111	0	5.01	0
325	0	5.06	1
326	0	5.08	0
327	0	5.07	0
328	0	5.08	0
329	0	5.02	1
330	0	5.06	0
331	0	5.02	0
332	0	5.01	0
333	0	5.06	0
334	0	5.02	1
335	0	5.02	0
336	0	5.05	0
337	0	5.02	0
338	0	5.06	1
339	0	5.10	0
340	0	5.10	1
341	0	5.02	1
296	0	5.01	0
342	0	5.13	0
343	0	5.06	1
344	0	5.06	1
345	0	5.08	0
187	0	5.06	1
346	0	5.06	1
347	0	5.05	0
348	0	5.11	0
132	0	5.07	0
349	0	5.05	0
350	0	5.11	1
58	0	5.07	0
351	0	5.06	1
352	0	5.01	1
288	0	5.04	1
353	0	5.04	0
244	0	5.13	0
90	0	5.08	0
354	0	5.01	1
355	0	5.07	0
356	0	5.13	0
357	0	5.01	0
358	0	5.11	0
359	0	5.02	0
360	0	5.07	0
361	0	5.05	1
362	0	5.06	1
363	0	5.04	0
364	0	5.04	0
146	0	5.07	0
365	0	5.11	0
366	0	5.05	0
166	0	5.05	1
367	0	5.04	1
316	0	5.11	0
368	0	5.11	0
369	0	5.11	1
370	0	5.11	0
371	0	5.02	1
372	0	5.08	0
34	0	5.02	1
373	0	5.10	0
374	0	5.06	1
375	0	5.06	1
376	0	5.13	0
377	0	5.01	0
350	0	5.08	0
378	0	5.10	0
379	0	5.06	0
380	0	5.06	1
381	0	5.13	0
382	0	5.06	0
383	0	5.06	0
236	0	5.13	0
384	0	5.08	0
385	0	5.06	1
136	0	5.06	1
22	0	5.07	0
386	0	5.06	1
387	0	5.01	1
388	0	5.01	0
167	0	5.11	0
144	0	5.08	0
389	0	5.11	1
315	0	5.05	0
390	0	5.01	0
391	0	5.08	0
392	0	5.05	1
393	0	5.11	1
394	0	5.13	0
395	0	5.01	0
396	0	5.11	0
397	0	5.07	0
398	0	5.13	1
27	0	5.06	1
399	0	5.07	0
400	0	5.11	1
401	0	5.04	0
402	0	5.01	1
403	0	5.13	0
404	0	5.02	0
405	0	5.06	0
266	0	5.06	0
331	0	5.06	1
406	0	5.05	0
385	0	5.07	0
407	0	5.01	1
408	0	5.11	1
409	0	5.04	0
410	0	5.05	0
411	0	5.01	0
412	0	5.07	0
413	0	5.06	0
414	0	5.11	0
415	0	5.04	0
283	0	5.04	0
416	0	5.07	0
417	0	5.01	1
418	0	5.08	0
419	0	5.05	0
420	0	5.11	0
329	0	5.13	0
421	0	5.06	1
422	0	5.05	1
423	0	5.02	0
113	0	5.02	1
348	0	5.06	1
410	0	5.13	0
424	0	5.04	0
425	0	5.07	0
426	0	5.02	0
202	0	5.02	0
427	0	5.02	0
225	0	5.13	0
428	0	5.05	1
429	0	5.13	1
430	0	5.06	1
207	0	5.11	1
37	0	5.01	0
249	0	5.06	1
431	0	5.01	0
129	0	5.06	1
432	0	5.06	1
433	0	5.05	1
434	0	5.01	0
353	0	5.06	1
337	0	5.06	1
75	0	5.02	1
435	0	5.08	0
436	0	5.04	1
120	0	5.11	1
437	0	5.02	1
251	0	5.05	0
438	0	5.11	0
439	0	5.10	0
440	0	5.07	0
277	0	5.11	0
441	0	5.04	0
442	0	5.10	0
443	0	5.05	1
444	0	5.10	0
445	0	5.02	0
446	0	5.02	1
128	0	5.07	0
447	0	5.06	1
448	0	5.13	0
449	0	5.13	0
450	0	5.04	0
451	0	5.06	1
452	0	5.04	0
253	0	5.05	0
453	0	5.06	1
454	0	5.11	1
167	0	5.05	1
455	0	5.06	1
456	0	5.05	0
457	0	5.01	0
458	0	5.04	0
459	0	5.05	0
460	0	5.04	0
461	0	5.01	0
462	0	5.07	0
463	0	5.02	0
464	0	5.10	0
465	0	5.08	0
217	0	5.05	0
192	0	5.07	0
466	0	5.13	0
467	0	5.13	0
468	0	5.04	0
469	0	5.02	1
470	0	5.05	1
254	0	5.06	1
471	0	5.08	1
6	0	5.13	0
472	0	5.06	1
293	0	5.10	0
473	0	5.02	0
474	0	5.01	1
475	0	5.06	1
476	0	5.06	1
10	0	5.07	0
443	0	5.02	0
477	0	5.05	0
478	0	5.08	1
479	0	5.13	0
480	0	5.11	1
481	0	5.04	0
482	0	5.10	0
195	0	5.06	0
483	0	5.07	0
484	0	5.06	1
485	0	5.11	0
78	0	5.05	0
186	0	5.10	0
11	0	5.07	0
124	0	5.13	0
486	0	5.02	1
487	0	5.07	0
488	0	5.02	0
218	0	5.10	0
17	0	5.07	0
489	0	5.01	0
104	0	5.11	1
490	0	5.02	1
491	0	5.04	0
492	0	5.06	1
201	0	5.01	0
493	0	5.04	0
494	0	5.04	0
495	0	5.13	0
496	0	5.01	0
34	0	5.07	0
367	0	5.11	0
70	0	5.08	0
497	0	5.07	0
498	0	5.08	0
499	0	5.01	0
500	0	5.10	0
121	0	5.10	0
501	0	5.08	0
395	0	5.07	0
502	0	5.10	0
503	0	5.02	0
108	0	5.11	0
504	0	5.06	1
505	0	5.11	0
506	0	5.08	0
507	0	5.06	1
109	0	5.11	0
508	0	5.13	0
509	0	5.06	0
510	0	5.04	0
511	0	5.13	0
380	0	5.07	0
512	0	5.13	1
513	0	5.11	0
514	0	5.04	0
43	0	5.06	0
30	0	5.06	1
515	0	5.08	0
463	0	5.06	1
422	0	5.07	0
199	0	5.02	1
516	0	5.11	0
517	0	5.07	0
518	0	5.05	0
519	0	5.02	1
520	0	5.01	1
521	0	5.04	0
522	0	5.07	0
523	0	5.06	0
524	0	5.13	1
525	0	5.08	0
526	0	5.02	0
527	0	5.13	0
176	0	5.08	0
514	0	5.02	0
528	0	5.08	0
245	0	5.01	1
342	0	5.04	0
529	0	5.13	0
530	0	5.01	0
531	0	5.02	0
532	0	5.02	0
533	0	5.13	0
534	0	5.11	0
535	0	5.06	1
308	0	5.06	0
536	0	5.13	0
140	0	5.13	0
537	0	5.06	0
538	0	5.01	0
478	0	5.05	0
506	0	5.11	1
539	0	5.01	1
540	0	5.11	0
541	0	5.02	0
79	0	5.11	1
168	0	5.10	0
294	0	5.07	0
542	0	5.13	1
542	0	5.02	0
405	0	5.13	0
543	0	5.08	0
240	0	5.05	0
544	0	5.08	1
545	0	5.08	1
546	0	5.07	0
415	0	5.02	0
89	0	5.04	0
497	0	5.06	1
547	0	5.04	0
548	0	5.06	1
549	0	5.06	1
462	0	5.06	0
82	0	5.06	0
550	0	5.13	0
551	0	5.06	1
552	0	5.11	1
553	0	5.07	0
554	0	5.06	1
15	0	5.06	1
265	0	5.13	0
555	0	5.07	0
169	0	5.11	0
420	0	5.02	0
64	0	5.08	0
556	0	5.01	1
557	0	5.10	0
558	0	5.11	1
132	0	5.10	0
559	0	5.06	1
560	0	5.11	0
25	0	5.06	0
561	0	5.07	1
562	0	5.06	1
140	0	5.05	0
563	0	5.01	0
564	0	5.11	0
565	0	5.06	0
566	0	5.06	1
202	0	5.06	1
147	0	5.01	0
160	0	5.01	0
567	0	5.01	0
568	0	5.10	0
538	0	5.07	0
569	0	5.07	0
570	0	5.01	0
571	0	5.07	0
286	0	5.01	0
325	0	5.08	0
572	0	5.02	1
573	0	5.06	1
574	0	5.06	1
575	0	5.13	0
502	0	5.11	1
576	0	5.08	1
470	0	5.10	0
577	0	5.05	0
578	0	5.02	1
579	0	5.06	1
461	0	5.10	0
580	0	5.07	1
581	0	5.07	0
563	0	5.07	0
582	0	5.06	1
267	0	5.11	1
155	0	5.10	0
583	0	5.06	1
584	0	5.07	0
224	0	5.01	1
10	0	5.05	0
585	0	5.06	1
307	0	5.01	0
107	0	5.07	0
586	0	5.13	0
235	0	5.05	0
587	0	5.05	0
335	0	5.11	0
69	0	5.10	0
588	0	5.13	1
344	0	5.13	0
523	0	5.11	1
589	0	5.06	1
590	0	5.08	0
591	0	5.11	0
20	0	5.06	1
21	0	5.02	0
563	0	5.02	1
511	0	5.05	0
592	0	5.08	0
593	0	5.06	1
259	0	5.11	1
594	0	5.11	0
595	0	5.04	1
47	0	5.11	0
596	0	5.10	0
597	0	5.11	1
31	0	5.08	0
598	0	5.01	0
599	0	5.04	0
385	0	5.02	0
595	0	5.08	0
600	0	5.07	0
156	0	5.08	0
601	0	5.11	0
558	0	5.01	0
602	0	5.11	0
603	0	5.02	0
1	0	5.04	0
604	0	5.02	1
605	0	5.02	1
477	0	5.10	0
540	0	5.06	1
606	0	5.06	1
607	0	5.07	0
608	0	5.06	1
559	0	5.11	0
219	0	5.06	0
609	0	5.11	0
610	0	5.01	1
148	0	5.05	0
18	0	5.06	1
611	0	5.11	1
612	0	5.02	1
613	0	5.13	0
355	0	5.13	0
614	0	5.07	0
615	0	5.08	0
616	0	5.04	0
617	0	5.08	0
137	0	5.07	0
618	0	5.07	0
529	0	5.01	0
619	0	5.07	0
620	0	5.04	1
572	0	5.08	0
101	0	5.02	0
621	0	5.13	0
256	0	5.13	0
622	0	5.06	1
623	0	5.04	0
611	0	5.02	0
624	0	5.06	1
5	0	5.02	1
625	0	5.05	0
626	0	5.01	0
627	0	5.10	0
628	0	5.08	0
629	0	5.04	0
630	0	5.02	1
631	0	5.01	0
632	0	5.01	1
633	0	5.06	1
634	0	5.04	0
429	0	5.07	0
476	0	5.04	0
635	0	5.11	0
376	0	5.06	1
636	0	5.11	0
162	0	5.13	0
46	0	5.07	0
637	0	5.02	0
638	0	5.10	0
639	0	5.13	0
133	0	5.02	0
640	0	5.06	1
264	0	5.06	1
79	0	5.01	0
149	0	5.06	1
641	0	5.02	0
42	0	5.06	1
642	0	5.04	1
643	0	5.11	1
234	0	5.07	1
644	0	5.07	0
645	0	5.02	1
441	0	5.07	0
509	0	5.08	0
13	0	5.02	0
557	0	5.11	1
646	0	5.08	0
613	0	5.01	0
647	0	5.06	1
648	0	5.08	0
649	0	5.05	1
650	0	5.10	0
651	0	5.08	0
652	0	5.05	0
595	0	5.07	0
653	0	5.08	1
654	0	5.11	0
547	0	5.01	1
276	0	5.07	1
166	0	5.13	0
655	0	5.02	0
656	0	5.10	0
657	0	5.05	1
658	0	5.10	0
381	0	5.06	1
659	0	5.01	1
660	0	5.13	0
661	0	5.06	1
662	0	5.06	1
313	0	5.07	1
663	0	5.05	1
664	0	5.05	1
665	0	5.05	0
666	0	5.11	0
667	0	5.02	0
668	0	5.05	1
669	0	5.01	0
670	0	5.11	1
299	0	5.01	0
671	0	5.01	0
672	0	5.08	0
440	0	5.05	0
430	0	5.02	0
67	0	5.13	0
673	0	5.04	0
674	0	5.06	1
675	0	5.11	0
676	0	5.05	0
619	0	5.06	0
274	0	5.06	1
660	0	5.01	0
677	0	5.07	1
678	0	5.06	1
679	0	5.10	0
680	0	5.06	1
681	0	5.11	0
23	0	5.07	0
617	0	5.04	0
682	0	5.06	0
683	0	5.11	0
532	0	5.11	1
684	0	5.06	1
685	0	5.06	1
681	0	5.10	0
447	0	5.04	0
175	0	5.11	0
686	0	5.08	0
687	0	5.08	0
324	0	5.11	1
469	0	5.10	0
81	0	5.07	0
200	0	5.06	1
255	0	5.05	0
688	0	5.01	0
689	0	5.04	1
469	0	5.05	0
421	0	5.02	0
690	0	5.13	0
579	0	5.02	0
691	0	5.05	1
618	0	5.11	0
692	0	5.04	0
693	0	5.07	0
116	0	5.08	0
694	0	5.11	0
695	0	5.13	0
604	0	5.10	0
696	0	5.04	0
177	0	5.02	0
697	0	5.02	0
548	0	5.08	0
197	0	5.07	0
507	0	5.04	0
690	0	5.06	1
52	0	5.01	0
698	0	5.08	0
375	0	5.02	0
699	0	5.06	1
700	0	5.07	0
418	0	5.02	0
701	0	5.02	1
114	0	5.07	0
702	0	5.10	0
671	0	5.05	0
703	0	5.02	1
525	0	5.02	1
427	0	5.06	1
704	0	5.13	0
287	0	5.10	0
703	0	5.11	0
379	0	5.11	1
705	0	5.07	0
150	0	5.11	0
656	0	5.06	1
338	0	5.05	0
706	0	5.07	0
28	0	5.05	0
642	0	5.08	0
707	0	5.07	0
708	0	5.05	0
709	0	5.08	0
634	0	5.02	1
710	0	5.06	1
711	0	5.06	1
712	0	5.11	1
713	0	5.08	0
311	0	5.06	1
714	0	5.10	0
177	0	5.08	0
115	0	5.04	0
493	0	5.11	1
271	0	5.07	0
715	0	5.13	0
701	0	5.10	0
716	0	5.11	1
717	0	5.01	0
718	0	5.06	1
474	0	5.13	0
297	0	5.10	0
392	0	5.04	0
672	0	5.06	1
584	0	5.11	1
719	0	5.08	0
720	0	5.10	0
256	0	5.08	0
445	0	5.13	0
721	0	5.04	0
439	0	5.07	0
722	0	5.01	0
693	0	5.02	1
723	0	5.13	0
724	0	5.07	0
725	0	5.11	1
726	0	5.08	0
727	0	5.05	0
728	0	5.04	0
468	0	5.13	0
316	0	5.06	1
84	0	5.07	0
235	0	5.11	1
393	0	5.06	0
729	0	5.13	0
730	0	5.06	0
731	0	5.01	0
435	0	5.07	0
594	0	5.06	1
732	0	5.04	0
718	0	5.01	0
733	0	5.08	0
734	0	5.11	1
735	0	5.11	0
736	0	5.01	0
514	0	5.06	1
533	0	5.05	0
465	0	5.06	1
737	0	5.11	0
556	0	5.11	0
248	0	5.05	0
738	0	5.13	1
126	0	5.02	0
739	0	5.08	1
740	0	5.02	1
741	0	5.02	0
742	0	5.04	1
306	0	5.07	0
210	0	5.13	1
349	0	5.04	0
743	0	5.05	1
452	0	5.01	0
744	0	5.06	1
745	0	5.02	1
746	0	5.02	0
640	0	5.04	0
340	0	5.02	0
747	0	5.05	0
8	0	5.08	0
657	0	5.01	0
224	0	5.08	0
290	0	5.08	0
748	0	5.06	1
749	0	5.05	0
750	0	5.11	0
172	0	5.06	1
523	0	5.04	0
18	0	5.10	0
751	0	5.05	0
637	0	5.05	0
305	0	5.05	1
752	0	5.06	1
753	0	5.04	1
141	0	5.08	1
754	0	5.11	0
755	0	5.01	0
756	0	5.13	1
625	0	5.02	0
716	0	5.13	0
757	0	5.05	1
758	0	5.01	0
318	0	5.10	0
87	0	5.01	0
652	0	5.11	1
386	0	5.05	0
759	0	5.01	0
391	0	5.02	1
334	0	5.10	0
760	0	5.06	1
711	0	5.11	0
761	0	5.11	0
661	0	5.11	0
38	0	5.07	0
762	0	5.06	1
322	0	5.11	0
59	0	5.07	0
243	0	5.01	1
68	0	5.01	0
522	0	5.01	0
763	0	5.01	0
654	0	5.01	0
761	0	5.02	0
741	0	5.07	0
446	0	5.08	0
745	0	5.08	0
489	0	5.11	1
372	0	5.05	0
764	0	5.11	0
357	0	5.05	0
765	0	5.10	0
648	0	5.06	1
226	0	5.05	0
632	0	5.05	0
338	0	5.01	0
766	0	5.06	1
472	0	5.10	0
573	0	5.13	0
767	0	5.06	0
768	0	5.13	0
632	0	5.07	0
491	0	5.01	0
631	0	5.11	1
769	0	5.02	1
770	0	5.11	0
74	0	5.11	1
601	0	5.04	0
296	0	5.11	0
16	0	5.05	1
137	0	5.11	1
771	0	5.11	0
772	0	5.11	1
773	0	5.06	1
774	0	5.02	1
64	0	5.02	0
775	0	5.06	1
37	0	5.10	0
776	0	5.01	0
777	0	5.10	0
778	0	5.07	0
131	0	5.04	1
131	0	5.06	0
231	0	5.11	0
213	0	5.13	0
500	0	5.06	1
502	0	5.08	0
679	0	5.04	0
191	0	5.10	0
586	0	5.06	1
620	0	5.10	0
95	0	5.05	0
171	0	5.11	0
779	0	5.06	0
641	0	5.10	0
780	0	5.06	1
781	0	5.06	1
619	0	5.13	1
593	0	5.04	0
782	0	5.11	1
105	0	5.01	0
342	0	5.05	1
783	0	5.04	0
421	0	5.11	0
784	0	5.06	1
368	0	5.02	0
785	0	5.05	0
722	0	5.02	1
786	0	5.02	1
211	0	5.01	0
431	0	5.10	0
730	0	5.02	1
704	0	5.02	0
557	0	5.05	0
528	0	5.02	0
465	0	5.04	0
787	0	5.01	0
524	0	5.01	0
69	0	5.04	0
788	0	5.06	1
403	0	5.02	1
742	0	5.10	0
789	0	5.11	0
77	0	5.07	0
283	0	5.05	0
790	0	5.08	1
791	0	5.01	0
792	0	5.13	0
473	0	5.11	1
793	0	5.11	0
740	0	5.04	0
266	0	5.05	1
760	0	5.02	0
787	0	5.06	1
281	0	5.05	0
794	0	5.11	0
264	0	5.01	0
182	0	5.06	1
527	0	5.07	0
795	0	5.05	0
458	0	5.07	0
501	0	5.02	1
32	0	5.02	0
688	0	5.05	0
794	0	5.06	1
796	0	5.06	1
191	0	5.06	1
797	0	5.06	0
798	0	5.07	0
799	0	5.13	0
800	0	5.06	1
252	0	5.10	0
801	0	5.04	0
488	0	5.11	0
472	0	5.02	0
196	0	5.08	0
743	0	5.04	0
802	0	5.06	1
803	0	5.04	0
746	0	5.01	0
433	0	5.10	0
183	0	5.02	1
804	0	5.07	0
33	0	5.02	1
555	0	5.01	0
774	0	5.08	0
624	0	5.05	0
608	0	5.11	0
491	0	5.06	1
526	0	5.08	0
805	0	5.05	0
806	0	5.04	1
785	0	5.08	0
56	0	5.06	1
260	0	5.04	0
807	0	5.04	0
808	0	5.04	0
644	0	5.04	1
511	0	5.11	1
746	0	5.06	1
417	0	5.13	0
453	0	5.10	0
562	0	5.02	0
439	0	5.06	1
809	0	5.11	0
810	0	5.06	1
40	0	5.11	0
468	0	5.06	1
811	0	5.10	0
374	0	5.10	0
812	0	5.08	0
757	0	5.08	0
800	0	5.04	0
539	0	5.02	0
813	0	5.05	1
814	0	5.06	1
222	0	5.05	0
815	0	5.08	0
816	0	5.01	0
298	0	5.07	0
587	0	5.06	1
817	0	5.10	0
818	0	5.07	0
670	0	5.06	0
819	0	5.07	0
242	0	5.04	0
525	0	5.06	0
675	0	5.08	0
820	0	5.06	1
821	0	5.04	0
217	0	5.08	1
286	0	5.05	1
822	0	5.01	0
244	0	5.10	0
823	0	5.06	1
505	0	5.01	0
824	0	5.02	0
825	0	5.13	0
189	0	5.02	0
826	0	5.04	1
827	0	5.06	0
378	0	5.01	0
828	0	5.07	0
829	0	5.05	0
481	0	5.08	0
278	0	5.01	0
769	0	5.13	0
91	0	5.08	1
830	0	5.06	0
831	0	5.13	0
402	0	5.02	0
827	0	5.05	1
208	0	5.08	0
686	0	5.04	0
832	0	5.10	0
493	0	5.01	0
59	0	5.13	0
148	0	5.06	1
272	0	5.11	0
833	0	5.02	0
574	0	5.01	0
834	0	5.01	0
835	0	5.11	0
241	0	5.05	1
726	0	5.02	1
836	0	5.02	0
459	0	5.07	0
295	0	5.06	1
837	0	5.08	0
639	0	5.07	0
838	0	5.10	0
839	0	5.11	0
515	0	5.06	0
188	0	5.01	0
426	0	5.05	0
840	0	5.04	0
4	0	5.02	0
841	0	5.11	1
634	0	5.08	0
842	0	5.08	0
294	0	5.11	1
843	0	5.06	1
78	0	5.11	1
844	0	5.01	0
261	0	5.11	0
845	0	5.05	0
28	0	5.13	0
795	0	5.01	1
614	0	5.13	0
237	0	5.10	0
393	0	5.10	0
136	0	5.05	0
765	0	5.04	0
535	0	5.08	0
765	0	5.06	1
846	0	5.13	0
847	0	5.11	1
622	0	5.11	0
848	0	5.07	0
849	0	5.01	0
850	0	5.01	0
302	0	5.04	0
851	0	5.07	0
852	0	5.05	0
793	0	5.06	1
853	0	5.01	0
854	0	5.11	0
172	0	5.11	0
855	0	5.05	0
580	0	5.13	0
436	0	5.10	0
856	0	5.10	0
479	0	5.04	1
857	0	5.08	0
858	0	5.13	0
220	0	5.02	1
19	0	5.13	0
134	0	5.10	0
541	0	5.06	1
859	0	5.02	0
297	0	5.13	0
860	0	5.02	0
483	0	5.05	0
861	0	5.11	0
662	0	5.13	0
798	0	5.06	1
48	0	5.01	0
862	0	5.01	0
504	0	5.10	0
454	0	5.01	0
127	0	5.05	0
336	0	5.11	0
848	0	5.05	0
793	0	5.07	0
778	0	5.10	1
863	0	5.07	0
187	0	5.08	0
864	0	5.04	0
816	0	5.06	0
658	0	5.06	0
865	0	5.07	0
61	0	5.06	0
866	0	5.08	0
796	0	5.07	0
674	0	5.08	0
689	0	5.10	0
484	0	5.10	0
867	0	5.08	0
868	0	5.13	0
142	0	5.13	1
543	0	5.02	1
798	0	5.13	0
766	0	5.10	0
76	0	5.13	0
869	0	5.01	0
579	0	5.07	0
665	0	5.07	0
870	0	5.01	1
871	0	5.05	0
872	0	5.08	0
58	0	5.06	0
63	0	5.01	0
50	0	5.13	0
680	0	5.02	0
873	0	5.06	1
404	0	5.08	0
73	0	5.02	0
509	0	5.04	1
874	0	5.07	1
875	0	5.05	0
876	0	5.07	0
36	0	5.06	1
877	0	5.13	0
661	0	5.10	0
597	0	5.02	0
878	0	5.02	1
879	0	5.02	0
880	0	5.05	0
748	0	5.02	0
616	0	5.08	0
826	0	5.07	0
350	0	5.13	0
881	0	5.13	0
214	0	5.06	1
409	0	5.02	1
752	0	5.10	0
882	0	5.10	0
883	0	5.10	0
232	0	5.08	0
884	0	5.05	0
490	0	5.04	0
602	0	5.13	1
431	0	5.06	1
885	0	5.06	1
858	0	5.05	1
345	0	5.02	0
494	0	5.02	1
530	0	5.06	1
705	0	5.08	0
862	0	5.05	0
886	0	5.11	1
887	0	5.04	0
566	0	5.10	0
106	0	5.04	0
888	0	5.06	1
696	0	5.05	0
346	0	5.13	0
331	0	5.05	0
254	0	5.11	0
94	0	5.10	0
889	0	5.07	0
860	0	5.06	1
890	0	5.11	1
516	0	5.06	1
317	0	5.06	1
146	0	5.02	1
332	0	5.07	0
600	0	5.06	1
891	0	5.08	0
284	0	5.05	0
54	0	5.11	0
413	0	5.02	0
759	0	5.08	1
100	0	5.07	0
892	0	5.07	0
640	0	5.05	0
60	0	5.04	0
893	0	5.05	1
380	0	5.04	0
227	0	5.02	1
894	0	5.06	1
678	0	5.04	0
895	0	5.07	0
896	0	5.06	1
246	0	5.08	0
549	0	5.01	0
541	0	5.04	0
198	0	5.02	0
897	0	5.13	0
588	0	5.10	0
474	0	5.06	0
791	0	5.07	0
898	0	5.06	1
899	0	5.06	1
891	0	5.06	1
184	0	5.04	0
432	0	5.10	0
884	0	5.02	0
677	0	5.02	0
203	0	5.04	0
359	0	5.11	1
382	0	5.10	0
679	0	5.06	1
363	0	5.05	0
633	0	5.08	0
900	0	5.04	0
47	0	5.02	1
786	0	5.05	0
901	0	5.11	0
902	0	5.02	0
903	0	5.01	0
755	0	5.05	0
904	0	5.01	0
905	0	5.01	0
269	0	5.05	0
301	0	5.05	1
577	0	5.10	0
906	0	5.07	0
548	0	5.01	0
748	0	5.01	0
347	0	5.06	1
407	0	5.07	0
892	0	5.10	0
461	0	5.06	1
188	0	5.06	1
755	0	5.11	1
907	0	5.04	0
98	0	5.01	0
715	0	5.11	0
260	0	5.11	1
816	0	5.11	1
214	0	5.07	0
636	0	5.08	0
776	0	5.05	1
757	0	5.13	0
882	0	5.06	1
908	0	5.01	0
672	0	5.01	0
909	0	5.08	0
910	0	5.08	0
911	0	5.02	1
539	0	5.06	0
600	0	5.02	0
230	0	5.11	0
273	0	5.08	0
912	0	5.11	0
592	0	5.02	1
648	0	5.01	0
617	0	5.07	1
844	0	5.06	1
30	0	5.01	0
701	0	5.07	0
572	0	5.04	0
913	0	5.11	0
38	0	5.05	1
623	0	5.06	1
914	0	5.13	0
915	0	5.08	0
916	0	5.01	0
917	0	5.08	0
918	0	5.06	1
354	0	5.02	0
220	0	5.01	0
498	0	5.11	1
592	0	5.05	0
261	0	5.06	1
262	0	5.08	0
318	0	5.06	1
360	0	5.06	0
886	0	5.01	0
120	0	5.02	0
279	0	5.01	0
799	0	5.01	0
690	0	5.11	0
756	0	5.02	0
801	0	5.08	1
919	0	5.11	1
333	0	5.01	0
671	0	5.06	1
134	0	5.13	0
21	0	5.06	1
846	0	5.01	1
721	0	5.02	1
577	0	5.06	1
920	0	5.06	0
452	0	5.11	1
921	0	5.10	0
850	0	5.04	1
859	0	5.01	0
922	0	5.08	0
869	0	5.06	1
923	0	5.07	0
924	0	5.06	1
815	0	5.06	0
925	0	5.07	0
926	0	5.10	0
927	0	5.02	1
526	0	5.06	1
597	0	5.13	0
928	0	5.04	0
416	0	5.11	0
929	0	5.13	0
45	0	5.05	0
930	0	5.01	1
375	0	5.10	0
931	0	5.11	1
734	0	5.05	0
447	0	5.01	0
729	0	5.06	1
769	0	5.11	0
355	0	5.11	1
575	0	5.11	1
627	0	5.08	0
753	0	5.02	0
925	0	5.10	0
818	0	5.02	1
40	0	5.04	0
885	0	5.05	0
270	0	5.10	0
932	0	5.01	0
144	0	5.06	1
933	0	5.04	0
209	0	5.08	0
822	0	5.06	1
510	0	5.06	1
520	0	5.10	0
653	0	5.01	0
828	0	5.02	0
500	0	5.05	0
395	0	5.06	1
450	0	5.06	1
70	0	5.06	1
837	0	5.05	0
437	0	5.05	0
63	0	5.13	0
934	0	5.04	0
450	0	5.07	0
708	0	5.13	0
335	0	5.06	1
741	0	5.06	1
893	0	5.01	0
935	0	5.05	0
353	0	5.08	0
936	0	5.08	0
687	0	5.06	1
195	0	5.10	0
937	0	5.08	0
628	0	5.11	1
691	0	5.06	0
365	0	5.05	0
906	0	5.05	0
938	0	5.01	0
504	0	5.04	0
482	0	5.11	1
832	0	5.01	1
939	0	5.02	0
309	0	5.13	0
492	0	5.13	0
940	0	5.01	0
699	0	5.11	0
937	0	5.04	1
99	0	5.10	0
330	0	5.10	0
61	0	5.02	1
941	0	5.11	1
942	0	5.01	0
943	0	5.02	1
923	0	5.06	1
337	0	5.10	0
784	0	5.02	0
944	0	5.11	1
528	0	5.01	1
945	0	5.02	1
289	0	5.02	0
589	0	5.05	0
408	0	5.10	0
425	0	5.01	1
602	0	5.02	0
897	0	5.06	1
559	0	5.13	0
460	0	5.01	0
946	0	5.06	1
947	0	5.07	0
838	0	5.02	1
345	0	5.11	1
14	0	5.06	0
124	0	5.04	0
458	0	5.02	1
97	0	5.01	0
178	0	5.11	0
948	0	5.01	0
949	0	5.04	0
593	0	5.07	0
561	0	5.06	0
189	0	5.04	1
713	0	5.06	1
190	0	5.02	0
950	0	5.10	0
651	0	5.06	1
712	0	5.01	0
927	0	5.10	0
930	0	5.13	0
86	0	5.13	0
669	0	5.07	0
931	0	5.07	0
951	0	5.01	1
952	0	5.07	0
463	0	5.08	0
849	0	5.08	0
953	0	5.13	0
558	0	5.04	0
578	0	5.08	0
347	0	5.13	0
530	0	5.10	0
954	0	5.02	1
955	0	5.05	1
35	0	5.06	1
405	0	5.07	1
926	0	5.02	1
411	0	5.02	1
721	0	5.06	0
956	0	5.01	0
731	0	5.10	0
263	0	5.04	1
957	0	5.02	1
958	0	5.04	0
285	0	5.06	0
717	0	5.08	0
532	0	5.01	0
666	0	5.06	1
459	0	5.11	1
147	0	5.08	0
635	0	5.02	1
906	0	5.02	1
319	0	5.08	0
8	0	5.02	1
959	0	5.05	0
569	0	5.04	1
587	0	5.08	0
960	0	5.02	0
961	0	5.06	1
581	0	5.13	0
933	0	5.11	1
688	0	5.02	1
612	0	5.08	0
962	0	5.11	0
327	0	5.06	1
963	0	5.11	1
843	0	5.01	0
647	0	5.01	0
112	0	5.06	1
160	0	5.04	1
964	0	5.07	0
916	0	5.06	1
965	0	5.04	0
518	0	5.01	0
151	0	5.02	1
306	0	5.05	1
668	0	5.06	0
291	0	5.02	0
612	0	5.11	0
571	0	5.01	0
222	0	5.02	0
966	0	5.05	0
764	0	5.01	0
624	0	5.08	0
850	0	5.07	0
433	0	5.11	0
4	0	5.11	1
349	0	5.06	1
810	0	5.04	0
959	0	5.01	1
351	0	5.11	0
802	0	5.07	0
324	0	5.10	0
849	0	5.07	1
940	0	5.02	1
851	0	5.04	0
708	0	5.01	1
936	0	5.02	1
39	0	5.08	0
962	0	5.02	1
967	0	5.02	0
876	0	5.13	0
866	0	5.06	1
281	0	5.06	1
968	0	5.02	1
969	0	5.06	1
376	0	5.01	0
441	0	5.02	1
153	0	5.02	0
263	0	5.05	0
918	0	5.13	0
633	0	5.04	0
609	0	5.02	0
101	0	5.06	1
683	0	5.07	0
903	0	5.11	1
444	0	5.13	1
66	0	5.13	0
864	0	5.13	1
645	0	5.13	0
924	0	5.08	0
304	0	5.06	1
321	0	5.07	0
291	0	5.06	1
725	0	5.05	0
443	0	5.08	0
27	0	5.11	0
970	0	5.02	0
62	0	5.10	0
833	0	5.05	1
364	0	5.06	1
162	0	5.02	1
747	0	5.13	0
404	0	5.11	1
327	0	5.04	0
501	0	5.06	0
869	0	5.10	0
795	0	5.13	0
496	0	5.06	1
580	0	5.01	0
720	0	5.01	1
971	0	5.01	0
972	0	5.05	0
973	0	5.13	0
974	0	5.02	1
975	0	5.10	0
435	0	5.06	1
449	0	5.06	1
841	0	5.01	0
921	0	5.06	1
49	0	5.02	0
976	0	5.06	1
425	0	5.02	0
908	0	5.04	1
977	0	5.10	0
183	0	5.10	0
521	0	5.10	0
923	0	5.05	0
423	0	5.07	0
797	0	5.11	1
978	0	5.11	1
979	0	5.02	0
692	0	5.07	0
560	0	5.08	0
980	0	5.06	1
981	0	5.07	0
982	0	5.06	1
233	0	5.01	1
917	0	5.10	0
655	0	5.06	1
158	0	5.13	0
785	0	5.01	1
387	0	5.08	0
657	0	5.13	0
983	0	5.06	0
984	0	5.11	1
358	0	5.05	0
556	0	5.07	0
2	0	5.11	1
985	0	5.01	1
867	0	5.06	1
805	0	5.04	0
834	0	5.06	1
931	0	5.06	0
238	0	5.04	1
174	0	5.07	1
967	0	5.01	1
743	0	5.02	0
153	0	5.06	1
323	0	5.13	0
534	0	5.08	0
986	0	5.11	1
237	0	5.04	0
882	0	5.02	0
982	0	5.02	0
645	0	5.10	0
652	0	5.04	0
915	0	5.01	0
682	0	5.07	1
309	0	5.06	1
651	0	5.10	0
987	0	5.08	0
269	0	5.06	1
976	0	5.11	0
427	0	5.04	0
213	0	5.06	0
496	0	5.05	0
481	0	5.06	1
366	0	5.13	0
344	0	5.04	0
818	0	5.13	0
904	0	5.02	1
630	0	5.11	0
961	0	5.05	0
282	0	5.06	0
362	0	5.05	0
430	0	5.01	0
564	0	5.08	0
988	0	5.10	0
326	0	5.07	0
664	0	5.01	0
126	0	5.10	0
169	0	5.04	0
45	0	5.07	0
231	0	5.07	0
915	0	5.13	1
860	0	5.11	0
905	0	5.10	0
989	0	5.06	1
245	0	5.08	0
813	0	5.06	0
540	0	5.13	0
698	0	5.13	0
410	0	5.02	1
935	0	5.06	1
732	0	5.11	1
654	0	5.06	1
322	0	5.07	0
974	0	5.01	0
603	0	5.11	0
485	0	5.06	1
93	0	5.08	0
681	0	5.06	1
927	0	5.13	0
875	0	5.06	1
990	0	5.10	0
594	0	5.05	0
35	0	5.04	0
484	0	5.08	0
804	0	5.08	1
839	0	5.05	0
643	0	5.07	0
483	0	5.06	1
727	0	5.07	1
702	0	5.01	0
304	0	5.13	0
943	0	5.13	0
991	0	5.05	0
992	0	5.04	0
855	0	5.06	1
457	0	5.11	0
48	0	5.06	1
570	0	5.08	0
109	0	5.06	1
668	0	5.07	0
397	0	5.01	0
77	0	5.06	1
562	0	5.01	0
754	0	5.06	1
512	0	5.04	0
840	0	5.02	1
993	0	5.13	0
955	0	5.04	0
898	0	5.02	0
983	0	5.07	0
994	0	5.05	0
475	0	5.13	0
776	0	5.02	0
118	0	5.02	1
454	0	5.10	0
116	0	5.01	1
585	0	5.13	0
303	0	5.04	1
590	0	5.06	1
3	0	5.05	0
883	0	5.06	1
995	0	5.04	0
922	0	5.02	1
542	0	5.04	0
161	0	5.10	0
389	0	5.10	0
996	0	5.13	0
170	0	5.10	0
858	0	5.08	0
351	0	5.13	0
83	0	5.07	1
215	0	5.11	0
684	0	5.05	0
700	0	5.06	1
377	0	5.06	1
547	0	5.08	0
82	0	5.02	1
596	0	5.11	1
997	0	5.04	1
998	0	5.08	0
953	0	5.06	1
999	0	5.11	1
181	0	5.02	0
1000	0	5.13	0
854	0	5.13	0
524	0	5.11	0
827	0	5.11	0
676	0	5.06	1
208	0	5.06	1
209	0	5.06	1
637	0	5.06	1
442	0	5.06	1
920	0	5.04	1
678	0	5.07	0
772	0	5.01	0
569	0	5.01	0
665	0	5.02	1
853	0	5.06	1
954	0	5.04	0
824	0	5.05	0
1001	0	5.06	1
982	0	5.11	0
142	0	5.08	0
487	0	5.01	0
861	0	5.01	1
695	0	5.06	1
950	0	5.05	0
343	0	5.05	0
1002	0	5.10	0
855	0	5.10	0
216	0	5.10	0
467	0	5.06	1
1003	0	5.06	1
713	0	5.07	0
1004	0	5.08	0
758	0	5.06	1
223	0	5.10	0
301	0	5.01	0
889	0	5.06	1
966	0	5.08	1
676	0	5.02	0
1005	0	5.05	0
372	0	5.06	1
339	0	5.06	1
940	0	5.10	0
649	0	5.07	0
1006	0	5.11	0
613	0	5.06	1
1007	0	5.11	0
985	0	5.02	0
544	0	5.11	0
544	0	5.10	0
1008	0	5.08	1
831	0	5.06	1
485	0	5.04	0
1009	0	5.06	0
605	0	5.07	0
626	0	5.02	1
621	0	5.06	1
5	0	5.04	0
955	0	5.10	0
960	0	5.07	0
428	0	5.13	0
1010	0	5.06	1
1011	0	5.11	1
122	0	5.13	0
980	0	5.13	0
419	0	5.13	0
171	0	5.13	0
628	0	5.07	0
1012	0	5.04	0
642	0	5.10	0
9	0	5.13	1
402	0	5.08	0
1013	0	5.06	0
362	0	5.10	0
912	0	5.02	0
373	0	5.08	0
953	0	5.10	0
1011	0	5.02	0
630	0	5.01	0
409	0	5.06	0
1014	0	5.06	1
581	0	5.11	1
42	0	5.02	0
250	0	5.02	1
475	0	5.11	0
582	0	5.08	0
623	0	5.02	0
165	0	5.06	1
271	0	5.05	1
978	0	5.06	0
1015	0	5.13	0
361	0	5.13	0
517	0	5.08	0
412	0	5.05	1
314	0	5.01	0
664	0	5.11	0
945	0	5.01	0
846	0	5.04	0
139	0	5.06	0
26	0	5.05	1
259	0	5.08	0
519	0	5.07	0
1016	0	5.01	0
817	0	5.06	1
710	0	5.07	0
1017	0	5.13	1
387	0	5.10	0
341	0	5.05	0
627	0	5.06	1
917	0	5.04	1
1018	0	5.11	0
1019	0	5.06	0
268	0	5.07	0
7	0	5.04	0
942	0	5.06	1
315	0	5.01	1
738	0	5.04	0
1018	0	5.02	1
267	0	5.07	0
383	0	5.07	0
81	0	5.06	1
328	0	5.07	0
408	0	5.01	0
248	0	5.02	1
809	0	5.05	1
991	0	5.11	0
102	0	5.01	0
604	0	5.01	0
1020	0	5.06	1
343	0	5.10	0
369	0	5.04	0
988	0	5.06	1
1001	0	5.02	0
1021	0	5.08	0
111	0	5.04	1
956	0	5.02	1
773	0	5.02	0
992	0	5.06	1
1022	0	5.05	1
130	0	5.08	0
706	0	5.13	1
997	0	5.05	0
745	0	5.06	0
607	0	5.11	0
937	0	5.10	0
359	0	5.13	0
673	0	5.11	1
949	0	5.06	1
173	0	5.10	0
406	0	5.06	1
164	0	5.13	0
26	0	5.06	0
551	0	5.02	0
158	0	5.07	0
1008	0	5.13	0
258	0	5.04	0
1023	0	5.07	0
631	0	5.10	0
629	0	5.07	1
23	0	5.02	0
968	0	5.07	0
258	0	5.11	1
333	0	5.11	1
292	0	5.11	1
141	0	5.04	0
888	0	5.10	0
1024	0	5.11	0
821	0	5.02	1
960	0	5.04	1
1025	0	5.05	0
125	0	5.04	1
1026	0	5.07	0
986	0	5.07	0
1027	0	5.07	0
1028	0	5.07	0
223	0	5.02	1
735	0	5.06	1
704	0	5.06	1
728	0	5.11	0
926	0	5.06	0
268	0	5.06	1
729	0	5.02	0
756	0	5.07	0
902	0	5.10	0
123	0	5.08	0
975	0	5.05	0
249	0	5.04	0
872	0	5.10	0
1029	0	5.13	0
384	0	5.06	1
19	0	5.11	0
957	0	5.01	0
666	0	5.10	0
403	0	5.04	0
506	0	5.06	0
159	0	5.08	0
891	0	5.10	0
1005	0	5.02	0
774	0	5.05	0
36	0	5.02	0
352	0	5.05	0
878	0	5.04	0
279	0	5.11	1
1030	0	5.10	0
996	0	5.02	0
873	0	5.04	0
293	0	5.06	1
1031	0	5.02	0
881	0	5.06	1
436	0	5.02	0
919	0	5.08	0
914	0	5.05	0
744	0	5.01	0
199	0	5.06	0
727	0	5.02	0
737	0	5.06	1
305	0	5.06	0
978	0	5.05	0
699	0	5.02	0
400	0	5.06	0
1032	0	5.05	0
536	0	5.06	1
1015	0	5.06	1
1015	0	5.05	0
670	0	5.10	0
1000	0	5.10	0
242	0	5.13	0
896	0	5.07	0
779	0	5.04	1
1033	0	5.10	1
1034	0	5.06	1
560	0	5.07	1
406	0	5.02	0
1035	0	5.08	0
60	0	5.06	1
533	0	5.01	1
716	0	5.10	0
763	0	5.06	0
885	0	5.10	0
830	0	5.05	0
733	0	5.04	1
138	0	5.06	1
270	0	5.02	1
783	0	5.06	0
407	0	5.02	0
455	0	5.04	0
93	0	5.05	0
65	0	5.11	0
536	0	5.07	0
819	0	5.06	1
859	0	5.11	1
113	0	5.11	0
85	0	5.05	1
761	0	5.08	1
357	0	5.06	1
584	0	5.08	0
879	0	5.06	1
83	0	5.02	0
804	0	5.06	0
1004	0	5.06	1
1036	0	5.05	0
707	0	5.06	1
992	0	5.01	0
219	0	5.02	1
874	0	5.10	0
660	0	5.06	1
471	0	5.13	0
789	0	5.10	0
1037	0	5.11	0
805	0	5.06	1
513	0	5.02	1
1038	0	5.06	1
418	0	5.06	1
499	0	5.04	0
792	0	5.05	0
735	0	5.05	0
788	0	5.08	0
432	0	5.11	0
553	0	5.05	0
792	0	5.06	1
68	0	5.06	1
1019	0	5.08	0
145	0	5.02	1
608	0	5.10	0
712	0	5.06	0
958	0	5.06	1
933	0	5.05	0
1033	0	5.01	0
125	0	5.01	0
227	0	5.08	0
413	0	5.01	1
257	0	5.01	1
889	0	5.02	0
1010	0	5.02	0
138	0	5.05	0
489	0	5.02	0
1003	0	5.13	0
1006	0	5.13	0
531	0	5.06	1
451	0	5.01	0
865	0	5.06	1
962	0	5.06	0
133	0	5.06	1
326	0	5.01	1
629	0	5.11	0
823	0	5.05	0
771	0	5.06	1
480	0	5.13	0
961	0	5.02	0
295	0	5.02	0
803	0	5.08	0
289	0	5.06	1
635	0	5.08	0
1039	0	5.05	0
877	0	5.10	0
567	0	5.06	1
867	0	5.02	0
905	0	5.06	1
884	0	5.06	1
914	0	5.06	1
1017	0	5.01	0
779	0	5.13	0
979	0	5.04	0
157	0	5.11	0
993	0	5.06	1
974	0	5.06	0
1036	0	5.01	0
487	0	5.06	1
206	0	5.02	0
49	0	5.04	0
830	0	5.11	1
51	0	5.05	0
50	0	5.11	1
856	0	5.06	1
663	0	5.10	0
675	0	5.02	1
340	0	5.07	0
900	0	5.13	0
806	0	5.08	0
310	0	5.10	0
702	0	5.06	1
546	0	5.08	0
616	0	5.06	1
273	0	5.07	0
947	0	5.08	0
466	0	5.01	0
184	0	5.06	1
129	0	5.02	0
907	0	5.02	1
232	0	5.06	1
880	0	5.06	1
836	0	5.06	1
998	0	5.04	0
320	0	5.04	0
46	0	5.06	1
29	0	5.02	0
367	0	5.08	0
234	0	5.10	0
768	0	5.01	1
768	0	5.07	0
994	0	5.01	0
155	0	5.11	1
1040	0	5.10	1
847	0	5.07	0
1041	0	5.06	1
29	0	5.04	0
41	0	5.07	0
706	0	5.11	0
438	0	5.06	1
448	0	5.02	0
1038	0	5.11	0
274	0	5.07	0
762	0	5.07	0
610	0	5.07	0
835	0	5.05	0
205	0	5.08	0
551	0	5.07	0
24	0	5.04	0
94	0	5.06	0
85	0	5.07	0
1037	0	5.06	0
903	0	5.02	0
366	0	5.06	1
143	0	5.08	0
808	0	5.06	1
899	0	5.07	0
482	0	5.08	0
886	0	5.04	0
610	0	5.13	0
825	0	5.11	0
1016	0	5.06	1
229	0	5.13	0
299	0	5.02	1
1042	0	5.05	0
550	0	5.06	0
163	0	5.04	0
1040	0	5.04	0
622	0	5.08	0
825	0	5.02	1
598	0	5.11	0
515	0	5.02	1
1024	0	5.04	0
987	0	5.02	0
811	0	5.13	0
925	0	5.11	1
980	0	5.05	0
802	0	5.05	0
998	0	5.06	1
890	0	5.02	0
724	0	5.10	0
621	0	5.04	0
605	0	5.10	0
649	0	5.06	0
363	0	5.06	1
993	0	5.01	0
644	0	5.01	0
845	0	5.13	0
143	0	5.10	0
897	0	5.05	0
358	0	5.07	1
412	0	5.11	0
1009	0	5.07	0
650	0	5.07	1
840	0	5.05	0
790	0	5.01	0
1043	0	5.06	1
919	0	5.02	0
57	0	5.06	0
464	0	5.01	1
86	0	5.01	1
842	0	5.06	1
663	0	5.02	0
989	0	5.07	0
819	0	5.11	0
1044	0	5.06	1
516	0	5.10	0
154	0	5.11	0
25	0	5.04	0
252	0	5.02	1
936	0	5.04	0
700	0	5.02	0
799	0	5.06	1
820	0	5.11	0
789	0	5.06	1
1038	0	5.04	0
225	0	5.10	0
1045	0	5.07	0
527	0	5.06	1
280	0	5.06	0
243	0	5.07	0
626	0	5.07	0
1046	0	5.11	0
329	0	5.11	0
438	0	5.05	0
913	0	5.01	1
911	0	5.13	0
689	0	5.07	0
987	0	5.13	1
121	0	5.01	0
843	0	5.08	0
229	0	5.10	0
348	0	5.04	0
399	0	5.06	1
386	0	5.04	0
841	0	5.13	0
1021	0	5.06	1
1004	0	5.01	0
1047	0	5.06	0
895	0	5.06	1
831	0	5.08	0
193	0	5.02	1
1048	0	5.13	0
739	0	5.02	0
797	0	5.01	0
796	0	5.11	0
944	0	5.13	0
852	0	5.02	1
135	0	5.02	1
599	0	5.01	0
339	0	5.11	0
382	0	5.07	1
115	0	5.05	0
703	0	5.01	0
777	0	5.13	0
197	0	5.01	1
272	0	5.06	1
696	0	5.11	1
834	0	5.02	0
175	0	5.08	0
139	0	5.11	1
135	0	5.04	0
842	0	5.10	0
821	0	5.06	0
650	0	5.06	0
1035	0	5.04	0
1048	0	5.06	0
898	0	5.08	0
583	0	5.04	0
1049	0	5.11	1
1009	0	5.05	1
210	0	5.05	0
420	0	5.06	1
711	0	5.01	0
178	0	5.05	0
204	0	5.04	0
724	0	5.04	1
732	0	5.13	0
1007	0	5.13	1
639	0	5.11	1
453	0	5.08	0
1042	0	5.06	1
979	0	5.06	1
321	0	5.02	1
872	0	5.11	1
737	0	5.04	0
941	0	5.07	0
456	0	5.11	0
555	0	5.02	1
752	0	5.11	0
398	0	5.04	0
990	0	5.02	1
110	0	5.07	0
149	0	5.11	0
837	0	5.06	1
582	0	5.04	0
876	0	5.06	1
422	0	5.01	0
826	0	5.13	0
928	0	5.06	1
1049	0	5.13	0
95	0	5.01	0
1050	0	5.04	0
460	0	5.06	1
457	0	5.07	1
330	0	5.01	1
466	0	5.02	1
394	0	5.07	0
92	0	5.01	0
62	0	5.01	1
545	0	5.13	0
977	0	5.05	0
1007	0	5.05	0
1046	0	5.06	1
1031	0	5.07	0
692	0	5.02	1
262	0	5.02	1
1049	0	5.08	0
902	0	5.11	1
894	0	5.13	0
1024	0	5.06	1
388	0	5.06	1
519	0	5.11	0
718	0	5.04	0
973	0	5.06	1
901	0	5.07	0
1051	0	5.05	0
1	0	5.02	0
726	0	5.06	0
868	0	5.06	1
554	0	5.13	0
365	0	5.07	1
152	0	5.13	0
938	0	5.06	1
228	0	5.08	0
909	0	5.01	0
618	0	5.06	1
67	0	5.01	1
911	0	5.06	0
479	0	5.05	0
388	0	5.08	0
803	0	5.06	1
601	0	5.07	1
733	0	5.05	0
1052	0	5.06	1
180	0	5.01	0
828	0	5.06	1
165	0	5.07	0
736	0	5.11	0
709	0	5.06	1
871	0	5.07	0
810	0	5.08	0
965	0	5.06	1
1034	0	5.01	0
990	0	5.08	0
946	0	5.04	0
853	0	5.10	0
588	0	5.07	0
575	0	5.01	0
417	0	5.02	0
196	0	5.01	1
287	0	5.01	0
857	0	5.11	1
194	0	5.06	1
170	0	5.11	1
880	0	5.08	0
1043	0	5.08	0
811	0	5.06	1
221	0	5.11	1
112	0	5.02	0
912	0	5.04	1
495	0	5.01	0
667	0	5.04	1
503	0	5.07	0
685	0	5.05	0
1014	0	5.04	0
1053	0	5.01	0
603	0	5.06	1
522	0	5.05	1
127	0	5.04	1
354	0	5.10	0
150	0	5.10	0
698	0	5.07	1
102	0	5.06	1
997	0	5.08	0
200	0	5.10	0
118	0	5.11	0
851	0	5.02	1
520	0	5.08	0
119	0	5.13	0
920	0	5.13	0
203	0	5.13	1
812	0	5.05	0
790	0	5.11	0
546	0	5.06	1
989	0	5.04	0
159	0	5.06	1
873	0	5.13	0
952	0	5.06	1
1053	0	5.02	0
43	0	5.11	0
861	0	5.13	0
538	0	5.06	1
983	0	5.02	1
1047	0	5.10	0
1040	0	5.05	0
565	0	5.01	1
414	0	5.13	0
1054	0	5.06	1
751	0	5.10	0
390	0	5.06	1
434	0	5.04	0
1055	0	5.02	1
477	0	5.11	1
754	0	5.05	0
659	0	5.11	0
787	0	5.10	0
589	0	5.08	0
1056	0	5.06	1
552	0	5.08	0
822	0	5.10	0
638	0	5.06	1
84	0	5.04	1
747	0	5.07	1
373	0	5.11	1
971	0	5.05	0
383	0	5.01	1
1057	0	5.08	0
1058	0	5.05	1
512	0	5.01	0
875	0	5.02	0
673	0	5.13	0
941	0	5.05	0
128	0	5.06	1
392	0	5.11	0
806	0	5.01	0
1013	0	5.02	1
11	0	5.02	1
719	0	5.11	1
1002	0	5.08	1
683	0	5.08	1
1059	0	5.01	0
176	0	5.04	0
934	0	5.08	0
14	0	5.01	1
1047	0	5.02	1
341	0	5.07	0
986	0	5.08	0
1029	0	5.08	1
807	0	5.01	1
32	0	5.06	1
1032	0	5.02	0
820	0	5.10	0
646	0	5.05	0
680	0	5.01	0
1054	0	5.13	0
963	0	5.13	0
995	0	5.07	0
319	0	5.04	0
959	0	5.10	0
508	0	5.02	0
1039	0	5.11	1
607	0	5.02	1
1022	0	5.07	0
204	0	5.06	1
971	0	5.06	1
1057	0	5.01	1
838	0	5.01	0
1001	0	5.04	0
437	0	5.10	0
1033	0	5.04	0
749	0	5.06	0
1055	0	5.13	0
969	0	5.10	0
907	0	5.07	0
697	0	5.07	0
965	0	5.11	0
996	0	5.06	1
929	0	5.06	1
967	0	5.04	0
193	0	5.11	0
455	0	5.07	0
384	0	5.05	0
625	0	5.06	1
1039	0	5.02	0
939	0	5.07	0
537	0	5.07	1
910	0	5.07	1
397	0	5.05	1
894	0	5.11	0
866	0	5.01	0
378	0	5.06	1
874	0	5.08	0
352	0	5.10	0
777	0	5.11	1
868	0	5.01	0
772	0	5.13	0
656	0	5.08	0
968	0	5.10	0
773	0	5.13	0
976	0	5.02	0
614	0	5.06	1
738	0	5.10	0
434	0	5.02	1
398	0	5.07	0
145	0	5.11	0
815	0	5.05	1
784	0	5.04	0
361	0	5.08	0
583	0	5.13	0
1031	0	5.01	1
12	0	5.05	1
981	0	5.11	0
609	0	5.06	1
507	0	5.07	0
814	0	5.04	0
783	0	5.01	1
389	0	5.08	0
332	0	5.02	1
921	0	5.11	0
715	0	5.06	1
399	0	5.01	0
76	0	5.06	1
508	0	5.11	1
655	0	5.05	0
932	0	5.02	0
3	0	5.06	1
478	0	5.13	0
486	0	5.10	0
985	0	5.05	0
1060	0	5.11	0
7	0	5.02	0
991	0	5.06	1
374	0	5.05	0
970	0	5.13	1
241	0	5.04	0
1061	0	5.11	0
370	0	5.06	1
954	0	5.08	0
1048	0	5.02	1
1029	0	5.02	0
567	0	5.13	0
709	0	5.07	0
1034	0	5.08	0
1052	0	5.10	0
750	0	5.07	0
887	0	5.08	0
1027	0	5.05	0
471	0	5.01	0
238	0	5.08	0
2	0	5.04	0
1051	0	5.02	1
808	0	5.02	0
585	0	5.04	0
190	0	5.11	1
753	0	5.10	0
966	0	5.11	0
863	0	5.04	0
1012	0	5.08	0
44	0	5.11	0
282	0	5.05	0
442	0	5.02	0
1037	0	5.05	1
1061	0	5.06	1
400	0	5.07	0
949	0	5.10	0
839	0	5.08	1
847	0	5.13	0
750	0	5.05	1
480	0	5.02	0
426	0	5.06	1
947	0	5.06	1
984	0	5.01	0
801	0	5.13	0
684	0	5.11	0
1042	0	5.13	0
794	0	5.05	0
576	0	5.11	0
887	0	5.05	1
653	0	5.10	0
185	0	5.02	0
80	0	5.07	0
1059	0	5.06	1
782	0	5.02	0
710	0	5.05	0
856	0	5.07	0
725	0	5.06	0
467	0	5.07	0
552	0	5.01	0
1046	0	5.01	0
74	0	5.05	0
396	0	5.06	1
185	0	5.06	1
12	0	5.08	0
239	0	5.05	0
1036	0	5.06	1
377	0	5.10	0
782	0	5.10	0
565	0	5.08	0
1017	0	5.05	0
916	0	5.05	0
1028	0	5.01	0
568	0	5.05	0
591	0	5.05	0
123	0	5.11	0
731	0	5.11	1
1032	0	5.06	1
278	0	5.13	0
497	0	5.04	0
198	0	5.11	0
192	0	5.05	0
317	0	5.05	0
1019	0	5.04	1
720	0	5.13	0
313	0	5.10	0
173	0	5.07	0
396	0	5.13	0
444	0	5.11	0
440	0	5.06	1
369	0	5.06	0
218	0	5.11	1
498	0	5.04	0
71	0	5.11	0
521	0	5.01	1
88	0	5.02	1
598	0	5.06	1
1054	0	5.11	0
212	0	5.11	0
636	0	5.01	1
896	0	5.08	0
300	0	5.11	0
130	0	5.05	0
96	0	5.01	1
53	0	5.04	0
1022	0	5.04	0
945	0	5.13	0
99	0	5.05	1
72	0	5.07	0
1010	0	5.04	0
781	0	5.08	0
424	0	5.10	0
17	0	5.02	0
568	0	5.06	1
730	0	5.07	0
977	0	5.11	1
739	0	5.07	0
786	0	5.11	0
957	0	5.04	0
414	0	5.08	1
1018	0	5.10	0
328	0	5.11	1
1025	0	5.10	0
494	0	5.06	0
275	0	5.04	1
641	0	5.01	1
1011	0	5.07	0
935	0	5.01	0
767	0	5.02	1
371	0	5.01	0
904	0	5.10	0
364	0	5.02	0
791	0	5.06	1
766	0	5.08	0
492	0	5.08	0
888	0	5.13	0
948	0	5.13	0
862	0	5.07	1
909	0	5.06	1
969	0	5.13	0
518	0	5.02	1
813	0	5.07	0
1002	0	5.13	0
647	0	5.02	0
96	0	5.10	0
323	0	5.10	0
24	0	5.06	1
391	0	5.05	0
934	0	5.02	1
334	0	5.06	0
910	0	5.11	0
763	0	5.05	1
470	0	5.08	0
550	0	5.07	1
250	0	5.04	0
659	0	5.13	0
1062	0	5.02	0
924	0	5.10	0
381	0	5.01	0
1016	0	5.05	0
255	0	5.06	1
303	0	5.01	0
308	0	5.11	1
163	0	5.06	1
908	0	5.08	0
844	0	5.07	0
900	0	5.11	1
658	0	5.05	1
503	0	5.06	1
1008	0	5.04	0
473	0	5.04	0
714	0	5.13	0
205	0	5.02	1
892	0	5.11	1
307	0	5.05	1
201	0	5.06	1
164	0	5.04	0
1059	0	5.05	0
899	0	5.05	0
117	0	5.06	1
736	0	5.06	1
1030	0	5.11	1
1012	0	5.06	1
599	0	5.06	1
829	0	5.01	0
371	0	5.10	0
495	0	5.06	1
265	0	5.11	0
674	0	5.07	0
759	0	5.10	0
476	0	5.10	0
549	0	5.04	0
356	0	5.08	0
488	0	5.06	1
390	0	5.04	0
1003	0	5.10	0
1044	0	5.02	0
529	0	5.10	1
946	0	5.01	0
1026	0	5.04	0
240	0	5.11	1
92	0	5.11	1
771	0	5.05	0
1041	0	5.01	0
543	0	5.05	0
895	0	5.08	0
742	0	5.05	0
728	0	5.06	1
416	0	5.06	1
55	0	5.05	0
1027	0	5.01	1
311	0	5.05	0
108	0	5.06	1
161	0	5.06	1
1020	0	5.01	0
13	0	5.10	0
462	0	5.11	1
1058	0	5.08	0
848	0	5.06	1
312	0	5.05	0
694	0	5.13	0
807	0	5.05	0
154	0	5.13	0
1061	0	5.05	0
591	0	5.06	1
44	0	5.13	0
723	0	5.02	0
275	0	5.10	0
686	0	5.11	1
781	0	5.13	0
939	0	5.06	1
88	0	5.04	0
817	0	5.08	0
943	0	5.06	0
419	0	5.02	1
486	0	5.08	0
1058	0	5.06	0
505	0	5.02	1
103	0	5.06	0
247	0	5.06	0
510	0	5.13	0
775	0	5.08	0
117	0	5.04	0
1028	0	5.06	1
212	0	5.06	0
694	0	5.06	1
1014	0	5.02	0
691	0	5.11	0
677	0	5.05	0
812	0	5.07	1
871	0	5.08	1
620	0	5.02	0
611	0	5.13	0
156	0	5.01	1
717	0	5.06	1
901	0	5.02	1
534	0	5.06	1
423	0	5.06	1
87	0	5.06	1
1041	0	5.02	0
734	0	5.01	0
758	0	5.13	0
535	0	5.11	0
1020	0	5.07	0
950	0	5.02	1
938	0	5.10	0
1023	0	5.06	1
411	0	5.05	0
814	0	5.10	0
574	0	5.04	0
174	0	5.11	0
56	0	5.10	0
964	0	5.02	1
643	0	5.05	0
984	0	5.05	0
832	0	5.06	0
975	0	5.11	1
1056	0	5.02	0
360	0	5.11	1
401	0	5.11	0
952	0	5.04	0
179	0	5.06	1
995	0	5.13	1
767	0	5.10	0
913	0	5.07	0
780	0	5.08	0
865	0	5.11	0
922	0	5.06	0
881	0	5.08	0
929	0	5.04	0
714	0	5.06	1
854	0	5.07	1
685	0	5.01	0
1062	0	5.13	0
221	0	5.01	0
662	0	5.08	0
320	0	5.05	1
883	0	5.07	0
107	0	5.06	1
823	0	5.01	0
346	0	5.10	0
1051	0	5.04	0
963	0	5.01	0
833	0	5.08	0
564	0	5.02	1
928	0	5.10	0
370	0	5.04	0
239	0	5.02	1
566	0	5.05	0
356	0	5.06	1
695	0	5.08	0
1000	0	5.06	1
211	0	5.08	0
401	0	5.06	1
1062	0	5.05	1
446	0	5.10	0
456	0	5.06	1
1021	0	5.01	0
9	0	5.11	0
1045	0	5.06	1
1052	0	5.05	0
981	0	5.04	1
596	0	5.13	0
890	0	5.01	0
770	0	5.10	0
106	0	5.02	0
517	0	5.06	1
740	0	5.10	0
53	0	5.08	0
1030	0	5.07	0
54	0	5.06	1
770	0	5.04	1
513	0	5.04	0
571	0	5.06	1
119	0	5.04	0
1005	0	5.11	1
180	0	5.10	0
956	0	5.04	0
22	0	5.02	1
1057	0	5.04	0
298	0	5.01	1
932	0	5.06	1
762	0	5.10	0
994	0	5.10	1
707	0	5.11	0
576	0	5.07	0
780	0	5.07	0
573	0	5.05	0
152	0	5.02	0
705	0	5.01	1
1035	0	5.06	1
722	0	5.07	0
253	0	5.01	0
292	0	5.08	0
325	0	5.04	0
1006	0	5.04	1
578	0	5.11	0
1060	0	5.05	0
972	0	5.02	1
951	0	5.08	0
744	0	5.05	0
368	0	5.08	1
646	0	5.06	1
667	0	5.07	0
100	0	5.02	1
1045	0	5.05	0
448	0	5.11	1
57	0	5.02	1
964	0	5.06	0
499	0	5.06	1
1026	0	5.02	1
302	0	5.10	0
669	0	5.05	1
1044	0	5.10	0
999	0	5.01	0
824	0	5.06	1
233	0	5.06	0
312	0	5.04	1
764	0	5.02	1
615	0	5.13	0
537	0	5.02	0
451	0	5.02	0
723	0	5.06	1
878	0	5.11	0
280	0	5.05	0
1043	0	5.05	0
276	0	5.05	0
230	0	5.13	1
835	0	5.02	1
988	0	5.05	0
944	0	5.10	0
65	0	5.13	0
590	0	5.13	0
682	0	5.04	0
41	0	5.04	0
424	0	5.07	1
687	0	5.05	0
857	0	5.05	0
553	0	5.06	1
80	0	5.11	0
51	0	5.08	0
836	0	5.11	0
561	0	5.11	0
852	0	5.13	0
829	0	5.13	1
615	0	5.06	1
877	0	5.08	1
1053	0	5.06	1
216	0	5.01	1
788	0	5.02	0
970	0	5.06	0
999	0	5.04	0
1050	0	5.11	1
948	0	5.06	1
379	0	5.05	0
942	0	5.04	0
464	0	5.13	0
751	0	5.04	1
845	0	5.06	1
693	0	5.01	0
863	0	5.02	1
1060	0	5.06	1
1055	0	5.04	0
39	0	5.07	1
893	0	5.13	0
206	0	5.05	0
1050	0	5.02	0
951	0	5.06	0
428	0	5.01	0
760	0	5.01	0
879	0	5.11	0
314	0	5.06	1
800	0	5.01	0
182	0	5.04	0
31	0	5.11	0
930	0	5.07	0
1023	0	5.11	0
864	0	5.08	0
775	0	5.07	0
490	0	5.10	0
415	0	5.06	1
1025	0	5.11	1
778	0	5.08	0
870	0	5.07	0
6	0	5.02	1
16	0	5.10	0
247	0	5.07	0
336	0	5.06	1
429	0	5.11	0
73	0	5.06	1
638	0	5.13	0
958	0	5.07	0
554	0	5.04	0
285	0	5.05	0
89	0	5.06	1
606	0	5.02	0
973	0	5.11	0
697	0	5.11	1
181	0	5.11	0
749	0	5.02	1
168	0	5.06	1
545	0	5.01	0
1056	0	5.10	0
531	0	5.01	0
394	0	5.11	1
449	0	5.08	0
445	0	5.06	1
104	0	5.06	0
570	0	5.06	1
228	0	5.06	0
300	0	5.01	1
606	0	5.04	0
719	0	5.13	0
809	0	5.07	0
277	0	5.05	0
586	0	5.11	0
251	0	5.02	0
870	0	5.10	0
918	0	5.04	0
972	0	5.13	0
1013	0	5.11	0
1063	0	5.02	0
1064	0	5.06	1
1065	0	5.04	0
1066	0	5.04	0
1067	0	5.10	0
1068	0	5.07	0
1069	0	5.01	0
1070	0	5.04	0
1071	0	5.02	1
1072	0	5.11	1
1073	0	5.04	0
1074	0	5.11	1
1075	0	5.06	1
1076	0	5.07	0
1077	0	5.02	0
1075	0	5.10	0
1078	0	5.01	0
1079	0	5.05	0
1080	0	5.04	0
1081	0	5.08	0
1082	0	5.11	1
1083	0	5.02	0
1084	0	5.06	1
1085	0	5.05	0
1086	0	5.11	1
1087	0	5.02	0
1077	0	5.11	1
1088	0	5.02	1
1089	0	5.01	0
1090	0	5.02	1
1091	0	5.02	1
1092	0	5.02	1
1093	0	5.06	1
1094	0	5.10	0
1095	0	5.13	0
1096	0	5.11	1
1097	0	5.01	0
1098	0	5.08	0
1099	0	5.11	1
1100	0	5.02	0
1101	0	5.06	1
1102	0	5.10	0
1103	0	5.01	0
1104	0	5.01	0
1105	0	5.08	0
1106	0	5.06	1
1107	0	5.11	0
1108	0	5.01	0
1109	0	5.06	1
1110	0	5.13	0
1111	0	5.01	0
1112	0	5.06	1
1113	0	5.13	0
1114	0	5.11	0
1115	0	5.06	1
1116	0	5.11	0
1117	0	5.02	1
1118	0	5.08	0
1119	0	5.05	1
1120	0	5.04	0
1121	0	5.13	0
1122	0	5.07	0
1123	0	5.04	0
1124	0	5.01	0
1125	0	5.04	0
1116	0	5.06	1
1126	0	5.13	0
1127	0	5.11	0
1128	0	5.07	1
1129	0	5.05	0
1130	0	5.05	1
1131	0	5.13	0
1132	0	5.11	0
1133	0	5.02	1
1134	0	5.02	1
1135	0	5.10	1
1071	0	5.10	0
1136	0	5.11	0
1137	0	5.10	0
1105	0	5.02	1
1138	0	5.06	1
1139	0	5.10	0
1140	0	5.13	0
1141	0	5.04	1
1142	0	5.06	1
1143	0	5.13	1
1144	0	5.07	0
1145	0	5.13	0
1146	0	5.08	0
1147	0	5.01	0
1148	0	5.05	1
1149	0	5.11	0
1150	0	5.06	1
1129	0	5.02	1
1151	0	5.06	1
1152	0	5.06	1
1153	0	5.02	1
1154	0	5.06	0
1155	0	5.11	1
1156	0	5.04	0
1073	0	5.02	1
1157	0	5.04	0
1101	0	5.01	0
1158	0	5.08	0
1159	0	5.08	1
1160	0	5.06	0
1161	0	5.11	1
1114	0	5.06	1
1162	0	5.07	1
1163	0	5.07	0
1164	0	5.11	0
1165	0	5.13	0
1097	0	5.06	1
1166	0	5.06	0
1145	0	5.02	1
1167	0	5.04	1
1168	0	5.04	1
1169	0	5.10	0
1170	0	5.07	0
1171	0	5.04	1
1132	0	5.02	0
1063	0	5.06	1
1172	0	5.05	1
1173	0	5.07	0
1174	0	5.08	0
1175	0	5.06	1
440	0	5.04	0
1176	0	5.11	0
1177	0	5.11	1
1178	0	5.07	0
1179	0	5.08	0
1180	0	5.11	1
1181	0	5.06	1
1182	0	5.01	0
1183	0	5.11	1
1184	0	5.06	1
1174	0	5.05	0
1185	0	5.04	0
1186	0	5.01	0
1187	0	5.02	0
1145	0	5.05	0
1188	0	5.01	1
1189	0	5.10	0
1190	0	5.11	0
1187	0	5.13	0
1191	0	5.13	0
1082	0	5.10	0
1192	0	5.13	0
1099	0	5.05	0
1193	0	5.04	0
1194	0	5.02	1
1195	0	5.01	0
1196	0	5.10	0
1197	0	5.06	1
1073	0	5.07	0
1198	0	5.01	1
1199	0	5.11	0
1200	0	5.06	1
1201	0	5.10	0
1202	0	5.07	0
1203	0	5.04	0
1204	0	5.10	0
1205	0	5.05	0
1206	0	5.11	0
1207	0	5.06	1
1064	0	5.10	0
1208	0	5.02	0
1153	0	5.10	0
1209	0	5.06	1
1210	0	5.06	0
1211	0	5.08	0
1135	0	5.08	0
1212	0	5.13	0
1213	0	5.01	1
1214	0	5.01	1
1115	0	5.07	0
1074	0	5.04	0
1215	0	5.04	1
1216	0	5.06	1
1217	0	5.05	0
1218	0	5.10	0
1083	0	5.01	1
1219	0	5.02	1
1220	0	5.07	0
1221	0	5.02	1
1222	0	5.13	1
1223	0	5.06	0
1224	0	5.04	0
1225	0	5.01	0
1226	0	5.11	0
1227	0	5.13	0
1228	0	5.02	0
1229	0	5.02	0
1230	0	5.06	1
1169	0	5.06	1
1214	0	5.04	0
1231	0	5.05	0
1232	0	5.01	0
1233	0	5.10	0
1234	0	5.04	0
1152	0	5.04	0
1235	0	5.08	0
1236	0	5.05	0
1237	0	5.01	0
1238	0	5.06	1
1239	0	5.11	0
1240	0	5.06	0
1205	0	5.06	1
1188	0	5.13	0
1241	0	5.01	1
1242	0	5.07	0
1215	0	5.06	0
1143	0	5.02	0
1243	0	5.13	0
1244	0	5.11	1
1245	0	5.11	0
1246	0	5.05	1
1247	0	5.01	0
1213	0	5.02	0
1248	0	5.11	0
1249	0	5.05	0
1250	0	5.08	0
1149	0	5.08	1
1251	0	5.13	0
1252	0	5.01	0
1253	0	5.13	0
1254	0	5.07	0
1255	0	5.08	0
1069	0	5.11	0
1103	0	5.05	0
1256	0	5.02	1
1090	0	5.11	0
1198	0	5.07	0
1257	0	5.06	1
1258	0	5.07	0
1199	0	5.06	1
1259	0	5.01	0
1260	0	5.06	1
1066	0	5.01	0
1261	0	5.05	0
1262	0	5.11	0
1263	0	5.11	0
1264	0	5.04	1
1210	0	5.05	0
1265	0	5.10	0
1266	0	5.01	0
1212	0	5.06	1
736	0	5.02	0
1096	0	5.02	0
1170	0	5.06	1
1234	0	5.06	1
1267	0	5.04	0
1268	0	5.11	0
1269	0	5.11	0
1172	0	5.13	0
1127	0	5.05	0
1158	0	5.04	0
1270	0	5.13	0
1271	0	5.07	1
1272	0	5.08	0
1211	0	5.07	0
1198	0	5.08	0
1273	0	5.02	0
1274	0	5.06	1
1275	0	5.01	1
1276	0	5.05	0
1214	0	5.07	0
1277	0	5.05	0
1278	0	5.07	1
1242	0	5.01	1
1279	0	5.06	1
1280	0	5.01	1
1281	0	5.11	0
1207	0	5.05	0
1063	0	5.08	0
1282	0	5.10	0
1281	0	5.10	0
1283	0	5.01	0
1284	0	5.13	0
1285	0	5.11	0
1286	0	5.11	0
1089	0	5.08	0
1287	0	5.13	1
1288	0	5.04	0
1150	0	5.07	0
1228	0	5.13	1
1289	0	5.10	0
1290	0	5.05	0
1291	0	5.11	0
1292	0	5.08	0
1262	0	5.06	0
1289	0	5.01	0
1293	0	5.13	0
1294	0	5.07	0
1147	0	5.04	0
1137	0	5.08	0
1202	0	5.11	1
1195	0	5.08	0
1295	0	5.05	0
1296	0	5.02	0
1297	0	5.05	0
1298	0	5.05	0
1299	0	5.02	0
1147	0	5.05	1
1288	0	5.06	1
1300	0	5.05	0
1301	0	5.06	1
1282	0	5.02	1
1302	0	5.07	0
1303	0	5.11	0
1304	0	5.11	0
1305	0	5.11	1
1273	0	5.06	1
1212	0	5.08	0
1077	0	5.08	0
1297	0	5.07	0
1306	0	5.08	0
1172	0	5.10	0
1114	0	5.13	0
1259	0	5.08	0
1307	0	5.06	1
1308	0	5.11	0
1152	0	5.10	0
1305	0	5.08	0
1309	0	5.08	0
1310	0	5.06	1
1311	0	5.08	1
1312	0	5.07	0
1224	0	5.06	1
1313	0	5.06	1
1314	0	5.08	1
1102	0	5.11	0
1087	0	5.11	1
1315	0	5.06	0
1316	0	5.06	1
1317	0	5.05	0
1279	0	5.07	0
1318	0	5.01	0
1319	0	5.08	1
1166	0	5.10	0
1318	0	5.06	1
1320	0	5.11	0
1321	0	5.06	0
1322	0	5.06	0
1078	0	5.07	1
1078	0	5.11	0
1226	0	5.06	1
1323	0	5.10	0
1324	0	5.01	0
1325	0	5.11	0
1091	0	5.04	0
1326	0	5.04	0
1327	0	5.07	1
1328	0	5.06	1
1329	0	5.06	1
1149	0	5.04	0
1093	0	5.08	0
1330	0	5.11	1
1331	0	5.04	0
1332	0	5.06	1
1333	0	5.06	1
1334	0	5.06	1
1170	0	5.05	0
1335	0	5.01	1
1336	0	5.07	1
1337	0	5.05	0
1317	0	5.06	1
1338	0	5.10	0
1339	0	5.11	0
1340	0	5.06	1
1341	0	5.05	1
1327	0	5.06	0
1237	0	5.07	1
1296	0	5.11	0
1342	0	5.02	0
1247	0	5.05	0
1343	0	5.13	1
1344	0	5.04	0
1121	0	5.07	0
1094	0	5.04	1
1345	0	5.07	1
1179	0	5.10	0
1154	0	5.04	1
1118	0	5.10	0
1306	0	5.11	1
1346	0	5.10	0
1347	0	5.11	0
1204	0	5.06	1
1168	0	5.01	0
1348	0	5.13	0
1349	0	5.01	0
1350	0	5.02	1
1351	0	5.04	0
1070	0	5.06	1
1080	0	5.05	1
1314	0	5.02	0
1310	0	5.04	0
1352	0	5.06	1
1165	0	5.06	1
1081	0	5.04	0
1353	0	5.10	0
1235	0	5.04	1
1354	0	5.13	0
1355	0	5.11	1
1282	0	5.11	0
1356	0	5.05	0
1326	0	5.06	0
1180	0	5.13	0
1123	0	5.06	0
1229	0	5.01	0
1357	0	5.08	0
1358	0	5.02	0
1359	0	5.01	0
1360	0	5.10	0
1361	0	5.02	1
1246	0	5.13	0
1362	0	5.06	1
1183	0	5.07	0
1171	0	5.10	0
1359	0	5.06	1
1363	0	5.04	0
1231	0	5.02	1
1364	0	5.11	0
1365	0	5.13	0
1111	0	5.02	0
1366	0	5.01	0
1164	0	5.06	1
1367	0	5.05	1
1368	0	5.11	0
1261	0	5.13	0
1356	0	5.08	0
1369	0	5.11	1
1357	0	5.06	1
1092	0	5.04	0
1264	0	5.02	0
1241	0	5.07	0
1362	0	5.01	0
1136	0	5.06	1
1370	0	5.08	1
1363	0	5.10	1
1203	0	5.02	1
1220	0	5.13	0
1248	0	5.10	0
1371	0	5.02	1
1372	0	5.06	1
1373	0	5.05	0
1374	0	5.02	1
1375	0	5.06	1
1376	0	5.02	0
1177	0	5.10	0
1308	0	5.07	0
1144	0	5.02	1
1138	0	5.11	0
1329	0	5.04	0
1320	0	5.06	1
1339	0	5.08	1
1169	0	5.11	0
1377	0	5.13	0
1378	0	5.10	0
1379	0	5.05	0
1380	0	5.11	1
1381	0	5.11	0
1382	0	5.08	0
1217	0	5.08	0
1183	0	5.05	0
1369	0	5.10	0
1383	0	5.11	1
1124	0	5.11	1
1333	0	5.05	0
1126	0	5.06	1
1072	0	5.07	0
1346	0	5.06	1
1384	0	5.06	1
1343	0	5.02	0
1385	0	5.01	1
1386	0	5.11	0
1192	0	5.07	0
1387	0	5.07	1
1313	0	5.10	0
1388	0	5.06	1
1202	0	5.06	0
1389	0	5.06	1
1111	0	5.06	1
1191	0	5.10	1
1390	0	5.10	0
1383	0	5.06	0
1391	0	5.02	0
1392	0	5.13	0
1070	0	5.05	0
1393	0	5.02	1
1394	0	5.08	0
1395	0	5.06	1
1150	0	5.11	0
1165	0	5.05	0
1396	0	5.02	0
1239	0	5.05	0
1397	0	5.11	1
1398	0	5.01	1
1295	0	5.08	0
1100	0	5.13	0
1359	0	5.04	0
1116	0	5.05	0
1160	0	5.13	0
1399	0	5.06	1
1400	0	5.04	0
1161	0	5.10	0
1361	0	5.10	0
1327	0	5.05	0
1196	0	5.05	0
1266	0	5.06	1
1179	0	5.02	1
1174	0	5.06	1
1401	0	5.02	0
1402	0	5.07	0
1287	0	5.02	0
1221	0	5.06	0
1287	0	5.04	0
1403	0	5.06	1
1092	0	5.10	0
1115	0	5.13	0
1404	0	5.02	1
1384	0	5.02	0
1304	0	5.06	1
1398	0	5.11	0
1249	0	5.02	1
1161	0	5.06	0
1405	0	5.11	1
1406	0	5.13	0
1407	0	5.07	0
1408	0	5.04	0
1409	0	5.11	1
1253	0	5.11	1
1222	0	5.04	0
1410	0	5.06	1
1411	0	5.04	1
1412	0	5.08	0
1413	0	5.01	0
1084	0	5.04	0
1231	0	5.04	0
1405	0	5.06	0
1385	0	5.06	0
1414	0	5.10	0
1088	0	5.13	0
1415	0	5.08	0
1416	0	5.06	0
1335	0	5.05	0
1296	0	5.01	1
1350	0	5.10	0
1323	0	5.04	0
1417	0	5.11	0
1254	0	5.08	0
1418	0	5.10	0
1210	0	5.11	1
1419	0	5.06	1
1218	0	5.06	1
1420	0	5.07	1
1124	0	5.06	0
1421	0	5.02	0
1303	0	5.07	0
1184	0	5.07	0
1422	0	5.02	0
1423	0	5.06	0
1350	0	5.06	0
1243	0	5.08	0
1308	0	5.02	1
1424	0	5.01	0
1133	0	5.04	0
1260	0	5.10	0
1379	0	5.02	0
1280	0	5.11	0
1156	0	5.06	1
1399	0	5.02	0
736	0	5.06	1
1279	0	5.11	0
1355	0	5.10	0
1425	0	5.05	1
1276	0	5.13	0
1330	0	5.07	0
1292	0	5.04	0
453	0	5.06	1
1107	0	5.04	0
1095	0	5.11	1
1233	0	5.05	0
1362	0	5.04	0
1184	0	5.11	0
1332	0	5.11	0
1269	0	5.01	0
1426	0	5.11	0
1353	0	5.07	0
1085	0	5.07	0
1338	0	5.06	0
1069	0	5.06	1
1193	0	5.06	1
1423	0	5.11	1
1358	0	5.06	1
1427	0	5.13	0
1364	0	5.02	0
1244	0	5.08	0
1428	0	5.13	0
1429	0	5.08	0
1173	0	5.11	1
1294	0	5.11	1
1340	0	5.13	0
1429	0	5.13	1
1156	0	5.01	0
1271	0	5.11	0
1213	0	5.05	0
1084	0	5.01	0
1234	0	5.05	0
1430	0	5.06	0
1423	0	5.01	0
1348	0	5.01	0
736	0	5.13	0
1347	0	5.02	1
1199	0	5.08	0
1431	0	5.06	1
1432	0	5.07	0
1191	0	5.08	0
1433	0	5.06	1
1182	0	5.05	0
1434	0	5.07	0
1419	0	5.04	0
1435	0	5.13	0
1436	0	5.01	0
1271	0	5.08	0
1109	0	5.05	0
1422	0	5.08	0
1132	0	5.05	1
1141	0	5.05	0
1113	0	5.04	0
1437	0	5.05	0
1260	0	5.07	0
1402	0	5.01	1
1075	0	5.11	0
1438	0	5.01	0
1187	0	5.11	1
1396	0	5.07	1
1435	0	5.07	0
1439	0	5.04	0
1108	0	5.07	0
1396	0	5.06	0
1440	0	5.01	1
1428	0	5.04	0
1071	0	5.01	0
1440	0	5.06	0
1171	0	5.05	0
1243	0	5.06	1
1280	0	5.04	0
1113	0	5.06	1
1064	0	5.01	0
1441	0	5.11	1
1135	0	5.05	0
1334	0	5.08	0
1388	0	5.08	0
1372	0	5.07	0
1363	0	5.06	0
1375	0	5.08	0
1155	0	5.04	0
1442	0	5.04	0
1166	0	5.04	1
1435	0	5.06	1
1443	0	5.01	0
1346	0	5.05	0
1444	0	5.07	0
1136	0	5.01	0
1101	0	5.04	0
1445	0	5.05	0
1418	0	5.04	0
1343	0	5.01	0
1425	0	5.02	0
1252	0	5.04	0
1242	0	5.06	0
1337	0	5.08	0
1197	0	5.08	0
1196	0	5.06	1
1446	0	5.02	1
1447	0	5.06	1
1257	0	5.04	0
1083	0	5.10	0
1221	0	5.11	0
1428	0	5.01	1
1448	0	5.10	0
1445	0	5.02	0
1104	0	5.06	1
1086	0	5.04	0
1206	0	5.06	1
1255	0	5.05	1
1449	0	5.04	0
1348	0	5.06	1
1225	0	5.06	1
1450	0	5.13	0
1336	0	5.04	0
1286	0	5.08	1
1451	0	5.08	0
1186	0	5.02	0
1374	0	5.08	0
1105	0	5.07	0
1342	0	5.01	0
1354	0	5.05	0
1387	0	5.11	0
1268	0	5.05	0
1414	0	5.06	1
1167	0	5.07	0
1452	0	5.11	0
1368	0	5.01	1
1347	0	5.01	0
1066	0	5.11	1
1378	0	5.07	0
1432	0	5.02	0
1131	0	5.07	0
1240	0	5.07	0
1118	0	5.06	1
1401	0	5.05	0
1453	0	5.10	0
1222	0	5.06	0
1235	0	5.06	0
1323	0	5.07	1
1400	0	5.06	1
1262	0	5.01	1
1223	0	5.11	1
1128	0	5.01	0
1342	0	5.06	1
1194	0	5.06	0
327	0	5.10	0
1250	0	5.02	1
1093	0	5.05	0
1454	0	5.08	0
1307	0	5.10	0
1427	0	5.01	0
1301	0	5.01	0
1129	0	5.13	0
1200	0	5.07	0
1455	0	5.13	1
1133	0	5.13	0
1297	0	5.06	1
1456	0	5.02	1
1457	0	5.08	0
1340	0	5.07	0
1094	0	5.11	0
1126	0	5.04	0
1341	0	5.08	0
1407	0	5.08	0
1332	0	5.02	0
1384	0	5.10	0
1309	0	5.06	1
1298	0	5.02	0
1411	0	5.10	0
1413	0	5.06	1
1338	0	5.11	1
1458	0	5.04	0
1454	0	5.13	0
1459	0	5.05	0
1460	0	5.13	0
1176	0	5.07	0
1148	0	5.08	0
1461	0	5.11	1
1383	0	5.01	0
1238	0	5.02	0
1462	0	5.04	1
1125	0	5.10	0
1098	0	5.02	0
1392	0	5.08	1
1143	0	5.06	0
1409	0	5.13	0
1446	0	5.06	0
1376	0	5.06	1
1227	0	5.02	0
1211	0	5.06	1
1269	0	5.04	1
1239	0	5.07	1
1201	0	5.11	1
1331	0	5.10	0
1463	0	5.08	0
1072	0	5.01	0
1203	0	5.07	0
1422	0	5.11	1
1117	0	5.07	0
1409	0	5.07	0
1345	0	5.13	0
1142	0	5.01	0
1068	0	5.08	0
1139	0	5.06	1
1157	0	5.13	0
1413	0	5.10	0
1391	0	5.06	1
1264	0	5.08	0
1456	0	5.10	0
1298	0	5.01	1
1157	0	5.11	1
1442	0	5.01	1
1387	0	5.10	0
1250	0	5.05	0
1268	0	5.06	1
1449	0	5.08	0
1285	0	5.10	0
1440	0	5.05	0
1293	0	5.06	1
1458	0	5.01	0
1088	0	5.01	0
1241	0	5.04	0
1208	0	5.06	1
1414	0	5.07	0
1304	0	5.01	0
1261	0	5.01	1
1464	0	5.10	0
1299	0	5.06	1
1452	0	5.08	0
1389	0	5.05	0
1104	0	5.02	0
1316	0	5.05	0
1119	0	5.06	0
1176	0	5.06	1
1178	0	5.06	1
1278	0	5.08	0
1366	0	5.07	0
1465	0	5.11	0
453	0	5.08	0
1148	0	5.10	0
1249	0	5.13	0
1127	0	5.02	1
1386	0	5.13	0
1230	0	5.07	0
1466	0	5.11	0
1120	0	5.02	0
1466	0	5.02	1
1391	0	5.05	0
1467	0	5.06	0
1087	0	5.10	0
1168	0	5.07	0
1223	0	5.07	0
1328	0	5.05	0
1319	0	5.06	0
1325	0	5.08	0
1217	0	5.13	1
1295	0	5.06	1
1459	0	5.11	1
1433	0	5.08	0
1299	0	5.01	0
1459	0	5.08	0
1121	0	5.04	1
1329	0	5.01	0
1370	0	5.07	0
1208	0	5.05	0
1395	0	5.13	0
1429	0	5.02	0
1404	0	5.04	0
1100	0	5.06	1
1106	0	5.04	0
1437	0	5.07	0
1238	0	5.08	0
1468	0	5.07	0
1204	0	5.05	0
1424	0	5.06	1
1462	0	5.13	0
1403	0	5.05	0
1408	0	5.10	0
1267	0	5.02	0
1103	0	5.06	1
1311	0	5.13	0
1448	0	5.04	0
1322	0	5.11	0
1232	0	5.13	0
1469	0	5.06	1
1328	0	5.08	0
1095	0	5.01	0
1142	0	5.04	0
1470	0	5.07	0
1158	0	5.02	1
1471	0	5.02	0
1302	0	5.11	0
1144	0	5.06	0
1305	0	5.07	0
1472	0	5.11	0
1403	0	5.11	0
1079	0	5.11	1
1278	0	5.11	0
1367	0	5.08	0
1436	0	5.05	1
1465	0	5.06	1
1068	0	5.11	1
1326	0	5.11	1
1351	0	5.13	0
1473	0	5.01	1
1107	0	5.06	1
1470	0	5.06	1
1365	0	5.02	0
1474	0	5.02	1
1289	0	5.13	1
1251	0	5.05	0
1190	0	5.07	0
1255	0	5.11	0
1377	0	5.02	0
1220	0	5.06	1
1443	0	5.07	0
1263	0	5.01	0
1122	0	5.06	1
1431	0	5.01	0
1151	0	5.08	0
1416	0	5.05	0
1153	0	5.05	0
1361	0	5.06	0
1076	0	5.01	1
1352	0	5.11	0
1475	0	5.05	0
1476	0	5.04	1
1477	0	5.02	1
1159	0	5.01	0
1128	0	5.11	0
1393	0	5.13	0
1316	0	5.13	0
1360	0	5.06	1
1395	0	5.04	0
1322	0	5.02	1
1475	0	5.02	0
1306	0	5.10	0
1189	0	5.13	0
1478	0	5.08	0
1385	0	5.07	0
1233	0	5.06	1
1251	0	5.02	1
1365	0	5.06	1
1106	0	5.05	0
1412	0	5.13	0
1081	0	5.06	1
1109	0	5.10	0
1219	0	5.11	0
1479	0	5.06	1
1190	0	5.02	1
1215	0	5.11	0
1079	0	5.10	0
1392	0	5.05	0
440	0	5.06	1
1192	0	5.02	1
1341	0	5.11	0
1474	0	5.06	0
1244	0	5.07	0
1411	0	5.11	0
1146	0	5.05	1
1457	0	5.07	1
1476	0	5.11	0
1074	0	5.08	0
1314	0	5.06	0
1455	0	5.11	0
1272	0	5.01	1
1457	0	5.13	0
1382	0	5.11	0
1175	0	5.10	0
1167	0	5.13	0
1293	0	5.11	0
1140	0	5.10	0
1480	0	5.13	0
1468	0	5.01	0
1371	0	5.04	0
1277	0	5.06	1
1325	0	5.05	1
1178	0	5.04	0
1099	0	5.10	0
1390	0	5.07	0
1481	0	5.13	0
1458	0	5.02	1
1405	0	5.01	0
1344	0	5.11	1
1227	0	5.06	1
1358	0	5.08	0
1159	0	5.11	0
1337	0	5.06	1
1248	0	5.02	1
1454	0	5.04	1
1470	0	5.04	0
1360	0	5.01	0
1139	0	5.11	0
1200	0	5.13	0
1410	0	5.05	0
1426	0	5.06	1
1357	0	5.05	0
1265	0	5.07	0
1406	0	5.06	1
1091	0	5.11	0
1482	0	5.01	1
1442	0	5.11	0
1270	0	5.06	1
1320	0	5.01	0
1402	0	5.13	0
1367	0	5.04	0
1281	0	5.13	1
497	0	5.04	0
1372	0	5.05	0
1483	0	5.05	0
1484	0	5.11	1
1462	0	5.10	0
1379	0	5.06	1
1267	0	5.06	1
1416	0	5.02	1
1370	0	5.01	0
1443	0	5.02	1
1163	0	5.06	1
1162	0	5.06	0
1485	0	5.04	0
1464	0	5.11	1
1351	0	5.11	1
1076	0	5.02	0
1324	0	5.13	0
1415	0	5.05	0
1486	0	5.01	0
1375	0	5.02	0
1181	0	5.07	0
1292	0	5.05	1
1310	0	5.13	0
1447	0	5.02	0
1452	0	5.04	1
1427	0	5.06	1
1485	0	5.06	0
1371	0	5.10	0
1336	0	5.13	0
1393	0	5.01	0
1252	0	5.02	1
1110	0	5.05	1
1096	0	5.07	0
1451	0	5.02	0
1134	0	5.10	0
1453	0	5.06	0
1283	0	5.06	1
1226	0	5.05	0
1151	0	5.01	0
1137	0	5.06	1
1274	0	5.08	0
327	0	5.06	1
1185	0	5.06	1
1229	0	5.11	1
1225	0	5.07	0
1224	0	5.02	0
1364	0	5.07	1
1382	0	5.04	1
1108	0	5.10	1
1420	0	5.06	0
1301	0	5.11	0
1487	0	5.10	0
1366	0	5.04	1
1303	0	5.06	1
1467	0	5.04	1
1480	0	5.06	1
1300	0	5.10	0
1112	0	5.11	0
1488	0	5.01	0
1485	0	5.02	1
1266	0	5.13	0
1349	0	5.02	1
1488	0	5.08	1
1417	0	5.08	0
1272	0	5.05	0
1434	0	5.06	1
1195	0	5.07	1
1319	0	5.10	0
1354	0	5.04	1
1455	0	5.02	0
1469	0	5.05	0
1324	0	5.11	1
1476	0	5.05	0
1317	0	5.02	0
1397	0	5.01	0
1472	0	5.06	1
1439	0	5.06	1
1477	0	5.04	0
1426	0	5.08	0
1330	0	5.05	0
497	0	5.06	1
1483	0	5.10	0
1471	0	5.01	1
1430	0	5.01	1
1436	0	5.07	0
1412	0	5.11	1
1386	0	5.06	1
1311	0	5.06	0
1349	0	5.10	0
1445	0	5.01	1
1117	0	5.05	0
1207	0	5.13	0
1123	0	5.11	1
1193	0	5.13	0
1197	0	5.04	0
1276	0	5.06	1
1246	0	5.01	0
440	0	5.05	0
1453	0	5.02	1
1460	0	5.01	0
1237	0	5.13	0
1425	0	5.06	0
1333	0	5.10	0
1399	0	5.05	0
1131	0	5.01	1
1302	0	5.06	1
1448	0	5.02	1
1085	0	5.06	1
1205	0	5.08	0
1122	0	5.11	0
1377	0	5.01	1
1236	0	5.04	0
1065	0	5.13	0
1082	0	5.01	0
1284	0	5.02	1
1481	0	5.08	0
1258	0	5.02	1
1163	0	5.05	0
1206	0	5.02	0
1245	0	5.01	1
1125	0	5.06	1
1439	0	5.10	0
1254	0	5.01	1
1335	0	5.02	0
1394	0	5.06	1
1417	0	5.06	1
1488	0	5.13	0
1146	0	5.04	0
1484	0	5.02	0
1277	0	5.13	0
1420	0	5.01	0
1376	0	5.13	0
1263	0	5.02	1
1489	0	5.02	0
1228	0	5.10	0
1313	0	5.07	0
1471	0	5.11	0
1437	0	5.08	1
1160	0	5.07	1
1463	0	5.11	0
1253	0	5.05	0
1112	0	5.02	0
1177	0	5.02	0
1465	0	5.04	0
1162	0	5.01	0
1438	0	5.02	1
1456	0	5.13	0
1380	0	5.04	0
1318	0	5.02	0
1430	0	5.02	0
1315	0	5.01	0
1487	0	5.02	1
1415	0	5.06	1
1086	0	5.13	0
1373	0	5.06	1
1469	0	5.08	0
1175	0	5.07	0
1290	0	5.02	1
1286	0	5.05	0
1245	0	5.08	0
1181	0	5.05	0
1134	0	5.07	0
1484	0	5.05	0
1273	0	5.10	0
1291	0	5.13	1
1090	0	5.13	0
1247	0	5.02	1
1473	0	5.05	0
1339	0	5.13	0
1490	0	5.02	0
1421	0	5.01	1
1480	0	5.08	0
1479	0	5.13	0
1067	0	5.11	0
1472	0	5.10	0
1209	0	5.01	0
1275	0	5.07	0
1461	0	5.06	0
1265	0	5.06	1
1312	0	5.05	0
497	0	5.08	0
1189	0	5.01	1
1209	0	5.05	0
1441	0	5.04	0
1418	0	5.01	1
1388	0	5.13	0
1419	0	5.01	0
1284	0	5.11	0
1482	0	5.04	0
1450	0	5.07	0
1356	0	5.06	1
1353	0	5.06	1
1186	0	5.06	1
1230	0	5.04	0
1321	0	5.11	1
1451	0	5.06	1
453	0	5.04	0
1256	0	5.08	0
1321	0	5.13	0
1236	0	5.06	1
1486	0	5.06	1
1283	0	5.11	0
1232	0	5.11	1
1407	0	5.13	1
1381	0	5.06	1
1065	0	5.06	1
1444	0	5.10	0
1120	0	5.08	1
1464	0	5.02	0
1274	0	5.07	0
1194	0	5.13	0
1138	0	5.04	0
1444	0	5.02	1
1344	0	5.01	0
1315	0	5.05	1
1309	0	5.02	0
1490	0	5.11	0
1408	0	5.06	1
1355	0	5.13	0
1216	0	5.11	0
1449	0	5.02	1
1368	0	5.07	0
1410	0	5.07	0
1478	0	5.06	0
1400	0	5.07	0
1431	0	5.02	0
1089	0	5.06	1
1381	0	5.08	0
1164	0	5.08	0
1406	0	5.02	0
327	0	5.11	0
1446	0	5.13	0
1256	0	5.11	0
1067	0	5.06	1
1475	0	5.08	1
1097	0	5.08	0
1489	0	5.07	0
1270	0	5.05	0
1130	0	5.08	0
1218	0	5.04	0
1441	0	5.02	0
1447	0	5.11	0
1201	0	5.05	0
1294	0	5.04	0
1467	0	5.10	0
1110	0	5.06	0
1240	0	5.11	1
1421	0	5.13	0
1397	0	5.02	0
1378	0	5.06	1
1389	0	5.13	0
1130	0	5.04	0
1466	0	5.05	0
1331	0	5.02	1
1334	0	5.01	0
1404	0	5.06	0
1461	0	5.01	0
1390	0	5.11	1
1489	0	5.05	1
1481	0	5.06	1
1098	0	5.06	1
1369	0	5.13	0
1300	0	5.06	1
1432	0	5.11	1
1275	0	5.08	0
1180	0	5.05	0
1460	0	5.02	1
1140	0	5.02	1
1080	0	5.01	0
1433	0	5.10	0
1482	0	5.02	0
1487	0	5.04	0
1155	0	5.13	0
1307	0	5.11	0
1188	0	5.06	0
1438	0	5.06	0
1312	0	5.06	1
1259	0	5.06	1
1288	0	5.13	0
1182	0	5.06	1
1141	0	5.07	0
1490	0	5.06	1
1373	0	5.11	0
1474	0	5.08	0
1216	0	5.04	0
1398	0	5.04	0
1291	0	5.07	0
1473	0	5.07	0
1154	0	5.07	0
1374	0	5.05	0
1173	0	5.01	0
1434	0	5.10	0
1424	0	5.07	0
1352	0	5.04	0
1380	0	5.01	0
1119	0	5.01	0
1486	0	5.08	0
1285	0	5.06	1
1258	0	5.04	0
1257	0	5.07	0
1290	0	5.11	0
1219	0	5.07	0
1345	0	5.05	0
1478	0	5.04	1
1468	0	5.11	1
1477	0	5.01	0
1394	0	5.02	0
1463	0	5.10	1
1483	0	5.06	1
1102	0	5.05	1
1450	0	5.02	1
1479	0	5.01	0
1185	0	5.07	0
1401	0	5.06	1
